2 0.11145
3 0.073616
4 0.0467419
5 0.0366193
6 0.0367495
7 0.036255
8 0.0267504
9 0.0218489
10 0.0194757
11 0.0162503
12 0.0144308
13 0.0173809
14 0.0124267
15 0.0110604
16 0.00981282
17 0.00888329
18 0.0084416
19 0.00767193
20 0.00731594
21 0.00696819
22 0.00797354
23 0.00573211
24 0.00572717
25 0.0052179
26 0.00494102
27 0.00473666
28 0.0127629
29 0.0094387
30 0.0102298
31 0.0149368
32 0.00847127
33 0.00745768
34 0.00364396
35 0.00323523
36 0.00308855
37 0.00293857
38 0.00276223
39 0.00264521
40 0.00258258
41 0.00262708
42 0.00248205
43 0.00227933
44 0.0022233
45 0.00211452
46 0.00214254
47 0.00212111
48 0.00199421
49 0.0018673
50 0.00186236
51 0.00188873
52 0.0017816
53 0.00176183
54 0.00176018
55 0.00173216
56 0.00153933
57 0.00150307
58 0.0015212
59 0.00135639
60 0.00140583
61 0.00137782
62 0.00132178
63 0.00119982
64 0.00113555
65 0.00118169
66 0.00120806
67 0.0011751
68 0.00111742
69 0.00105973
70 0.00115862
71 0.00105808
72 0.00101194
73 0.000964142
74 0.000993808
75 0.000919643
76 0.000917995
77 0.0008702
78 0.00083559
79 0.000807572
80 0.000756481
81 0.000819109
82 0.000815813
83 0.000833942
84 0.000815813
85 0.000772962
86 0.000749888
87 0.00068726
88 0.000716926
89 0.000715278
90 0.000720222
91 0.000677372
92 0.00062628
93 0.000629577
94 0.000634521
95 0.000576837
96 0.000629577
97 0.000647706
98 0.000651002
99 0.000654298
100 0.000580133
101 0.000548819
102 0.000553764
103 0.000524098
104 0.000524098
105 0.000491136
106 0.000524098
107 0.000492784
108 0.000497728
109 0.000533986
110 0.0004351
111 0.000509265
112 0.000466414
113 0.000441692
114 0.000433452
115 0.000438396
116 0.000410378
117 0.000398842
118 0.00040049
119 0.000385657
120 0.000402138
121 0.000380713
122 0.000403786
123 0.000380713
124 0.00033951
125 0.000344454
126 0.00033951
127 0.000334566
128 0.000331269
129 0.000355991
130 0.000387305
131 0.00037412
132 0.000351047
133 0.000319733
134 0.000291715
135 0.000293363
136 0.000309844
137 0.000319733
138 0.00034775
139 0.000316436
140 0.000337862
141 0.000309844
142 0.000301603
143 0.000293363
144 0.000290067
145 0.000293363
146 0.000281826
147 0.000288419
148 0.000280178
149 0.000285122
150 0.00024392
151 0.000230735
152 0.00024392
153 0.00028677
154 0.000265345
155 0.000253808
156 0.000253808
157 0.000209309
158 0.000237327
159 0.000234031
160 0.000234031
161 0.000222494
162 0.000245568
163 0.000242272
164 0.000214254
165 0.000212606
166 0.000224142
167 0.000219198
168 0.000210958
169 0.000209309
170 0.00021755
171 0.000237327
172 0.000212606
173 0.000212606
174 0.00021755
175 0.000215902
176 0.00021755
177 0.000210958
178 0.000186236
179 0.000214254
180 0.000177995
181 0.00018294
182 0.00018294
183 0.000197773
184 0.000186236
185 0.000192828
186 0.000204365
187 0.000169755
188 0.000176347
189 0.000169755
190 0.000174699
191 0.000171403
192 0.000181292
193 0.000166459
194 0.000174699
195 0.000199421
196 0.00018294
197 0.000164811
198 0.000135145
199 0.00014833
200 0.000196125
201 0.000138441
202 0.000168107
203 0.000166459
204 0.000154922
205 9.88864e-05
206 0.000161514
207 0.000158218
208 0.000288419
209 0.000135145
210 0.000161514
211 0.00014833
212 0.000136793
213 0.000153274
214 0.000149978
215 0.000126904
216 0.000126904
217 0.000126904
218 0.0001302
219 0.000131848
220 0.000118664
221 0.000126904
222 0.00024392
223 0.000140089
224 0.000107127
225 8.89977e-05
226 0.000133497
227 0.00012196
228 0.000125256
229 0.000102183
230 0.000120312
231 9.06458e-05
232 9.06458e-05
233 0.000123608
234 0.000118664
235 8.73496e-05
236 0.000103831
237 0.000117016
238 0.000108775
239 9.22939e-05
240 0.000107127
241 0.000110423
242 0.000123608
243 0.000115367
244 0.000112071
245 0.000126904
246 9.88864e-05
247 9.06458e-05
248 0.000108775
249 9.55902e-05
250 0.000125256
251 9.55902e-05
252 0.000117016
253 8.24053e-05
254 0.000110423
255 9.06458e-05
256 0.000105479
257 9.55902e-05
258 9.06458e-05
259 8.40534e-05
260 8.24053e-05
261 9.88864e-05
262 0.000100534
263 9.72383e-05
264 0.000107127
265 0.000100534
266 8.57015e-05
267 9.22939e-05
268 8.73496e-05
269 8.40534e-05
270 8.24053e-05
271 9.72383e-05
272 0.000126904
273 9.22939e-05
274 8.07572e-05
275 6.42761e-05
276 9.55902e-05
277 9.88864e-05
278 8.40534e-05
279 7.91091e-05
280 7.58129e-05
281 9.22939e-05
282 8.57015e-05
283 0.000110423
284 7.25167e-05
285 8.73496e-05
286 8.73496e-05
287 8.73496e-05
288 6.2628e-05
289 7.41648e-05
290 7.7461e-05
291 8.57015e-05
292 7.7461e-05
293 6.75724e-05
294 5.76837e-05
295 7.08686e-05
296 6.75724e-05
297 7.58129e-05
298 8.73496e-05
299 5.10913e-05
300 8.07572e-05
301 6.59242e-05
302 5.60356e-05
303 6.59242e-05
304 6.2628e-05
305 5.76837e-05
306 0.000117016
307 0.000113719
308 0.000103831
309 8.24053e-05
310 6.2628e-05
311 7.41648e-05
312 7.08686e-05
313 6.2628e-05
314 7.08686e-05
315 5.76837e-05
316 6.75724e-05
317 9.06458e-05
318 5.60356e-05
319 6.42761e-05
320 5.43875e-05
321 8.73496e-05
322 5.10913e-05
323 7.58129e-05
324 7.25167e-05
325 5.93318e-05
326 7.25167e-05
327 5.43875e-05
328 7.58129e-05
329 5.43875e-05
330 6.09799e-05
331 6.59242e-05
332 6.59242e-05
333 6.92205e-05
334 6.92205e-05
335 7.41648e-05
336 6.59242e-05
337 6.75724e-05
338 5.76837e-05
339 7.25167e-05
340 8.57015e-05
341 6.09799e-05
342 5.60356e-05
343 6.75724e-05
344 7.25167e-05
345 6.92205e-05
346 0.000171403
347 0.000161514
348 0.000108775
349 7.25167e-05
350 5.93318e-05
351 5.43875e-05
352 6.75724e-05
353 6.59242e-05
354 7.7461e-05
355 6.92205e-05
356 5.10913e-05
357 6.75724e-05
358 5.76837e-05
359 6.59242e-05
360 7.91091e-05
361 6.09799e-05
362 6.2628e-05
363 5.43875e-05
364 5.93318e-05
365 7.58129e-05
366 6.2628e-05
367 4.94432e-05
368 5.93318e-05
369 5.43875e-05
370 5.27394e-05
371 6.09799e-05
372 6.2628e-05
373 4.77951e-05
374 4.77951e-05
375 5.27394e-05
376 5.43875e-05
377 5.27394e-05
378 6.2628e-05
379 4.6147e-05
380 4.94432e-05
381 4.6147e-05
382 5.76837e-05
383 4.94432e-05
384 4.6147e-05
385 5.60356e-05
386 3.79064e-05
387 4.44989e-05
388 5.93318e-05
389 5.27394e-05
390 5.10913e-05
391 5.93318e-05
392 6.75724e-05
393 5.10913e-05
394 2.96659e-05
395 5.60356e-05
396 5.27394e-05
397 4.77951e-05
398 6.09799e-05
399 7.7461e-05
400 4.94432e-05
401 5.43875e-05
402 4.12027e-05
403 4.77951e-05
404 4.28508e-05
405 4.44989e-05
406 3.95545e-05
407 3.95545e-05
408 5.93318e-05
409 3.46102e-05
410 4.6147e-05
411 3.29621e-05
412 5.10913e-05
413 6.09799e-05
414 3.46102e-05
415 3.79064e-05
416 1.81292e-05
417 6.09799e-05
418 3.29621e-05
419 3.62583e-05
420 4.28508e-05
421 3.29621e-05
422 5.60356e-05
423 4.28508e-05
424 3.79064e-05
425 3.46102e-05
426 3.79064e-05
427 3.46102e-05
428 2.63697e-05
429 5.27394e-05
430 4.77951e-05
431 3.95545e-05
432 5.27394e-05
433 3.29621e-05
434 4.94432e-05
435 4.44989e-05
436 3.95545e-05
437 3.62583e-05
438 4.77951e-05
439 3.79064e-05
440 5.43875e-05
441 4.28508e-05
442 3.29621e-05
443 4.6147e-05
444 4.44989e-05
445 3.1314e-05
446 3.1314e-05
447 3.62583e-05
448 4.12027e-05
449 3.79064e-05
450 3.1314e-05
451 4.12027e-05
452 4.6147e-05
453 4.94432e-05
454 5.93318e-05
455 3.95545e-05
456 4.28508e-05
457 3.29621e-05
458 3.62583e-05
459 3.62583e-05
460 3.62583e-05
461 3.95545e-05
462 3.1314e-05
463 4.77951e-05
464 4.12027e-05
465 3.95545e-05
466 3.1314e-05
467 3.62583e-05
468 5.27394e-05
469 4.28508e-05
470 3.46102e-05
471 3.1314e-05
472 3.46102e-05
473 4.94432e-05
474 4.12027e-05
475 5.27394e-05
476 3.79064e-05
477 4.94432e-05
478 5.10913e-05
479 2.47216e-05
480 2.30735e-05
481 2.63697e-05
482 4.44989e-05
483 3.95545e-05
484 3.1314e-05
485 5.76837e-05
486 3.46102e-05
487 5.93318e-05
488 2.30735e-05
489 2.96659e-05
490 3.95545e-05
491 2.80178e-05
492 2.96659e-05
493 3.46102e-05
494 2.80178e-05
495 3.79064e-05
496 4.12027e-05
497 1.81292e-05
498 2.96659e-05
499 4.12027e-05
500 2.63697e-05
501 3.29621e-05
502 4.12027e-05
503 2.63697e-05
504 2.80178e-05
505 3.46102e-05
506 3.29621e-05
507 2.14254e-05
508 3.62583e-05
509 2.63697e-05
510 5.27394e-05
511 3.46102e-05
512 3.79064e-05
513 2.63697e-05
514 2.63697e-05
515 3.95545e-05
516 2.63697e-05
517 3.29621e-05
518 2.30735e-05
519 3.1314e-05
520 3.79064e-05
521 2.47216e-05
522 2.14254e-05
523 1.81292e-05
524 3.79064e-05
525 2.96659e-05
526 1.97773e-05
527 3.29621e-05
528 3.62583e-05
529 2.96659e-05
530 4.44989e-05
531 1.4833e-05
532 2.30735e-05
533 3.46102e-05
534 3.29621e-05
535 1.4833e-05
536 3.46102e-05
537 2.47216e-05
538 4.28508e-05
539 4.28508e-05
540 3.46102e-05
541 3.29621e-05
542 2.80178e-05
543 3.1314e-05
544 2.30735e-05
545 2.47216e-05
546 3.46102e-05
547 2.63697e-05
548 1.81292e-05
549 3.46102e-05
550 3.29621e-05
551 3.62583e-05
552 2.96659e-05
553 2.96659e-05
554 4.12027e-05
555 1.97773e-05
556 3.1314e-05
557 2.80178e-05
558 3.1314e-05
559 3.46102e-05
560 2.96659e-05
561 1.97773e-05
562 3.1314e-05
563 2.80178e-05
564 4.6147e-05
565 4.44989e-05
566 2.96659e-05
567 2.63697e-05
568 2.96659e-05
569 2.80178e-05
570 4.12027e-05
571 2.30735e-05
572 3.29621e-05
573 3.1314e-05
574 2.63697e-05
575 1.81292e-05
576 2.96659e-05
577 2.47216e-05
578 3.62583e-05
579 2.96659e-05
580 2.96659e-05
581 2.47216e-05
582 1.97773e-05
583 1.81292e-05
584 3.46102e-05
585 2.96659e-05
586 2.47216e-05
587 2.30735e-05
588 2.96659e-05
589 2.30735e-05
590 3.46102e-05
591 2.47216e-05
592 1.97773e-05
593 1.4833e-05
594 3.46102e-05
595 2.80178e-05
596 3.29621e-05
597 1.97773e-05
598 2.80178e-05
599 2.63697e-05
600 2.30735e-05
601 2.63697e-05
602 2.14254e-05
603 2.30735e-05
604 1.97773e-05
605 1.64811e-05
606 3.46102e-05
607 2.96659e-05
608 3.1314e-05
609 1.97773e-05
610 2.47216e-05
611 1.97773e-05
612 1.97773e-05
613 2.63697e-05
614 3.29621e-05
615 2.80178e-05
616 3.62583e-05
617 2.47216e-05
618 3.1314e-05
619 2.63697e-05
620 2.30735e-05
621 2.30735e-05
622 1.4833e-05
623 1.4833e-05
624 1.4833e-05
625 3.1314e-05
626 2.80178e-05
627 2.63697e-05
628 2.47216e-05
629 2.63697e-05
630 2.63697e-05
631 1.31848e-05
632 2.47216e-05
633 1.97773e-05
634 3.46102e-05
635 2.30735e-05
636 1.64811e-05
637 1.64811e-05
638 2.63697e-05
639 2.47216e-05
640 1.97773e-05
641 2.63697e-05
642 6.59242e-06
643 1.64811e-05
644 1.4833e-05
645 9.88864e-06
646 2.63697e-05
647 1.4833e-05
648 1.97773e-05
649 1.81292e-05
650 2.14254e-05
651 1.97773e-05
652 1.81292e-05
653 1.31848e-05
654 8.24053e-06
655 1.64811e-05
656 2.14254e-05
657 2.30735e-05
658 1.81292e-05
659 1.97773e-05
660 6.59242e-06
661 1.81292e-05
662 1.31848e-05
663 2.30735e-05
664 1.15367e-05
665 1.81292e-05
666 9.88864e-06
667 1.31848e-05
668 2.47216e-05
669 2.63697e-05
670 1.81292e-05
671 2.80178e-05
672 2.47216e-05
673 1.97773e-05
674 2.47216e-05
675 2.30735e-05
676 2.14254e-05
677 2.80178e-05
678 9.88864e-06
679 1.64811e-05
680 2.30735e-05
681 1.4833e-05
682 1.97773e-05
683 1.64811e-05
684 3.46102e-05
685 2.80178e-05
686 2.14254e-05
687 1.81292e-05
688 1.81292e-05
689 4.28508e-05
690 3.1314e-05
691 1.15367e-05
692 1.4833e-05
693 1.97773e-05
694 1.31848e-05
695 2.14254e-05
696 1.97773e-05
697 2.47216e-05
698 1.97773e-05
699 1.81292e-05
700 2.63697e-05
701 1.97773e-05
702 2.96659e-05
703 2.30735e-05
704 3.1314e-05
705 2.63697e-05
706 1.4833e-05
707 1.64811e-05
708 7.25167e-05
709 1.81292e-05
710 9.88864e-06
711 3.29621e-05
712 1.97773e-05
713 1.64811e-05
714 1.15367e-05
715 2.47216e-05
716 1.64811e-05
717 1.97773e-05
718 1.31848e-05
719 2.14254e-05
720 8.24053e-06
721 1.31848e-05
722 1.31848e-05
723 2.63697e-05
724 1.64811e-05
725 8.24053e-06
726 1.31848e-05
727 2.63697e-05
728 1.4833e-05
729 1.97773e-05
730 2.47216e-05
731 1.81292e-05
732 2.47216e-05
733 2.14254e-05
734 2.14254e-05
735 1.64811e-05
736 1.64811e-05
737 2.80178e-05
738 1.31848e-05
739 1.15367e-05
740 1.4833e-05
741 1.31848e-05
742 2.14254e-05
743 2.30735e-05
744 1.64811e-05
745 1.4833e-05
746 1.81292e-05
747 2.14254e-05
748 2.14254e-05
749 1.97773e-05
750 2.30735e-05
751 2.47216e-05
752 9.88864e-06
753 1.64811e-05
754 2.14254e-05
755 1.97773e-05
756 1.81292e-05
757 6.59242e-06
758 8.24053e-06
759 6.59242e-06
760 1.4833e-05
761 1.31848e-05
762 1.15367e-05
763 9.88864e-06
764 2.14254e-05
765 1.4833e-05
766 2.14254e-05
767 2.47216e-05
768 2.14254e-05
769 1.81292e-05
770 2.63697e-05
771 1.97773e-05
772 1.31848e-05
773 6.59242e-06
774 1.64811e-05
775 1.64811e-05
776 1.97773e-05
777 1.97773e-05
778 2.14254e-05
779 1.31848e-05
780 9.88864e-06
781 1.64811e-05
782 1.97773e-05
783 2.63697e-05
784 1.31848e-05
785 8.24053e-06
786 2.30735e-05
787 2.14254e-05
788 1.4833e-05
789 8.24053e-06
790 2.30735e-05
791 2.14254e-05
792 1.81292e-05
793 9.88864e-06
794 2.30735e-05
796 1.15367e-05
797 1.31848e-05
798 1.15367e-05
799 1.64811e-05
800 9.88864e-06
801 1.97773e-05
802 1.4833e-05
803 9.88864e-06
804 1.64811e-05
805 1.15367e-05
806 1.97773e-05
807 1.4833e-05
808 1.64811e-05
809 1.31848e-05
810 8.24053e-06
811 1.81292e-05
812 3.29621e-06
813 1.31848e-05
814 1.4833e-05
815 1.81292e-05
816 2.14254e-05
817 1.81292e-05
818 1.15367e-05
819 8.24053e-06
820 1.15367e-05
821 9.88864e-06
822 9.88864e-06
823 2.14254e-05
824 2.47216e-05
825 3.1314e-05
826 1.31848e-05
827 2.96659e-05
828 2.63697e-05
829 1.31848e-05
830 1.31848e-05
831 1.97773e-05
832 9.88864e-06
833 1.64811e-05
834 2.14254e-05
835 2.30735e-05
836 1.15367e-05
837 1.81292e-05
838 1.31848e-05
839 2.30735e-05
840 1.97773e-05
841 1.81292e-05
842 1.4833e-05
843 8.24053e-06
844 1.81292e-05
845 1.15367e-05
846 1.81292e-05
847 1.64811e-05
848 2.47216e-05
849 1.15367e-05
850 1.15367e-05
851 1.64811e-05
852 2.30735e-05
853 1.97773e-05
854 1.64811e-05
855 1.31848e-05
856 8.24053e-06
857 1.97773e-05
858 2.14254e-05
859 2.96659e-05
860 1.15367e-05
861 1.81292e-05
862 9.88864e-06
863 9.88864e-06
864 9.88864e-06
865 9.88864e-06
866 1.31848e-05
867 1.81292e-05
868 1.97773e-05
869 1.4833e-05
870 1.15367e-05
871 1.97773e-05
872 1.64811e-05
873 9.88864e-06
874 1.4833e-05
875 2.14254e-05
876 6.59242e-06
877 1.31848e-05
878 9.88864e-06
879 2.14254e-05
880 1.31848e-05
881 1.4833e-05
882 1.31848e-05
883 1.81292e-05
884 1.64811e-05
885 1.81292e-05
886 1.31848e-05
887 1.97773e-05
888 1.31848e-05
889 8.24053e-06
890 1.4833e-05
891 1.31848e-05
892 1.31848e-05
893 1.4833e-05
894 1.31848e-05
895 1.31848e-05
896 8.24053e-06
897 1.64811e-05
898 1.15367e-05
899 1.31848e-05
900 1.64811e-05
901 1.64811e-05
902 1.81292e-05
903 1.81292e-05
904 9.88864e-06
905 1.81292e-05
906 2.47216e-05
907 1.64811e-05
908 9.88864e-06
909 2.30735e-05
910 8.24053e-06
911 1.81292e-05
912 1.97773e-05
913 1.97773e-05
914 1.97773e-05
915 8.24053e-06
916 2.14254e-05
917 1.15367e-05
918 1.15367e-05
919 6.59242e-06
920 1.15367e-05
921 4.94432e-06
922 4.94432e-06
923 1.97773e-05
924 1.15367e-05
925 4.94432e-06
926 8.24053e-06
927 9.88864e-06
928 1.31848e-05
929 1.4833e-05
930 1.15367e-05
931 3.29621e-06
932 6.59242e-06
933 1.15367e-05
934 9.88864e-06
935 1.15367e-05
936 1.4833e-05
937 9.88864e-06
938 1.31848e-05
939 1.31848e-05
940 8.24053e-06
941 2.14254e-05
942 1.31848e-05
943 1.31848e-05
944 1.64811e-05
945 1.64811e-05
946 1.15367e-05
947 4.94432e-06
948 8.24053e-06
949 8.24053e-06
950 9.88864e-06
951 9.88864e-06
952 1.15367e-05
953 9.88864e-06
954 2.30735e-05
955 1.81292e-05
956 1.31848e-05
957 1.81292e-05
958 3.29621e-06
959 1.4833e-05
960 1.97773e-05
961 1.97773e-05
962 9.88864e-06
963 4.94432e-06
964 1.97773e-05
965 6.59242e-06
966 9.88864e-06
967 1.4833e-05
969 4.94432e-06
970 1.15367e-05
971 8.24053e-06
972 6.59242e-06
973 8.24053e-06
974 1.15367e-05
975 4.94432e-06
976 8.24053e-06
977 1.15367e-05
978 1.31848e-05
979 8.24053e-06
980 1.4833e-05
981 8.24053e-06
982 1.31848e-05
983 8.24053e-06
984 6.59242e-06
985 1.4833e-05
986 1.15367e-05
987 1.4833e-05
988 4.94432e-06
989 1.15367e-05
990 1.31848e-05
991 1.4833e-05
992 4.94432e-06
993 1.15367e-05
994 1.15367e-05
995 8.24053e-06
996 3.29621e-06
997 1.31848e-05
998 1.15367e-05
999 6.59242e-06
1000 1.15367e-05
1001 1.97773e-05
1002 9.88864e-06
1003 9.88864e-06
1004 2.14254e-05
1005 1.31848e-05
1006 1.31848e-05
1007 1.64811e-05
1008 9.88864e-06
1009 8.24053e-06
1010 1.15367e-05
1011 9.88864e-06
1012 1.15367e-05
1013 1.15367e-05
1014 6.59242e-06
1015 8.24053e-06
1016 2.14254e-05
1017 4.94432e-06
1018 1.15367e-05
1019 4.94432e-06
1020 6.59242e-06
1021 1.31848e-05
1022 1.4833e-05
1023 8.24053e-06
1024 4.94432e-06
1025 1.15367e-05
1026 8.24053e-06
1027 1.4833e-05
1028 6.59242e-06
1029 1.4833e-05
1030 9.88864e-06
1031 8.24053e-06
1032 1.4833e-05
1033 9.88864e-06
1034 6.59242e-06
1035 6.59242e-06
1036 8.24053e-06
1037 1.4833e-05
1038 6.59242e-06
1039 1.81292e-05
1040 1.64811e-05
1041 1.15367e-05
1042 1.31848e-05
1043 4.94432e-06
1044 1.31848e-05
1045 1.4833e-05
1046 1.15367e-05
1047 1.81292e-05
1048 1.31848e-05
1049 1.15367e-05
1050 1.31848e-05
1051 1.64811e-05
1052 1.15367e-05
1053 1.31848e-05
1054 4.94432e-06
1055 1.4833e-05
1056 1.64811e-05
1057 1.15367e-05
1058 1.81292e-05
1059 1.31848e-05
1060 1.31848e-05
1061 1.4833e-05
1062 1.4833e-05
1063 4.94432e-06
1064 6.59242e-06
1065 1.64811e-05
1066 1.97773e-05
1067 1.64811e-06
1068 1.31848e-05
1069 1.4833e-05
1070 1.4833e-05
1071 2.80178e-05
1072 1.64811e-05
1073 1.4833e-05
1074 9.88864e-06
1075 1.97773e-05
1076 4.94432e-06
1077 4.94432e-06
1078 1.15367e-05
1079 9.88864e-06
1080 6.59242e-06
1081 4.94432e-06
1082 1.4833e-05
1083 1.31848e-05
1084 1.15367e-05
1085 9.88864e-06
1086 4.94432e-06
1087 1.15367e-05
1088 1.15367e-05
1089 1.15367e-05
1090 6.59242e-06
1091 4.94432e-06
1092 8.24053e-06
1093 6.59242e-06
1094 1.31848e-05
1095 8.24053e-06
1096 3.29621e-06
1097 8.24053e-06
1098 4.94432e-06
1099 9.88864e-06
1100 2.14254e-05
1101 1.4833e-05
1102 1.15367e-05
1103 4.94432e-06
1104 9.88864e-06
1105 1.15367e-05
1106 1.31848e-05
1107 9.88864e-06
1108 4.94432e-06
1109 6.59242e-06
1110 9.88864e-06
1111 3.29621e-06
1112 8.24053e-06
1113 9.88864e-06
1114 6.59242e-06
1115 1.31848e-05
1116 9.88864e-06
1117 1.15367e-05
1118 1.81292e-05
1119 9.88864e-06
1120 8.24053e-06
1121 8.24053e-06
1122 1.31848e-05
1123 1.31848e-05
1124 6.59242e-06
1125 1.15367e-05
1126 1.97773e-05
1127 9.88864e-06
1128 8.24053e-06
1129 1.15367e-05
1130 1.15367e-05
1131 1.4833e-05
1132 1.81292e-05
1133 1.64811e-05
1134 6.59242e-06
1135 1.15367e-05
1136 8.24053e-06
1137 9.88864e-06
1138 8.24053e-06
1139 9.88864e-06
1140 1.15367e-05
1141 8.24053e-06
1142 8.24053e-06
1143 8.24053e-06
1144 8.24053e-06
1145 8.24053e-06
1146 3.29621e-06
1147 4.94432e-06
1148 2.14254e-05
1149 9.88864e-06
1150 6.59242e-06
1151 6.59242e-06
1152 1.64811e-05
1153 8.24053e-06
1154 8.24053e-06
1155 2.30735e-05
1156 1.31848e-05
1157 1.64811e-05
1158 9.88864e-06
1159 1.81292e-05
1160 6.59242e-06
1161 1.31848e-05
1162 9.88864e-06
1163 1.15367e-05
1164 1.15367e-05
1165 8.24053e-06
1166 3.29621e-06
1167 6.59242e-06
1168 1.31848e-05
1169 8.24053e-06
1170 9.88864e-06
1171 6.59242e-06
1172 9.88864e-06
1173 1.31848e-05
1174 1.4833e-05
1175 6.59242e-06
1176 1.4833e-05
1177 1.15367e-05
1178 1.4833e-05
1179 1.64811e-05
1180 3.29621e-05
1181 2.80178e-05
1182 1.97773e-05
1183 1.4833e-05
1184 2.63697e-05
1185 3.46102e-05
1186 4.77951e-05
1187 4.28508e-05
1188 4.44989e-05
1189 5.60356e-05
1190 5.60356e-05
1191 4.6147e-05
1192 6.2628e-05
1193 6.2628e-05
1194 5.76837e-05
1195 5.93318e-05
1196 4.77951e-05
1197 5.60356e-05
1198 5.60356e-05
1199 4.12027e-05
1200 4.6147e-05
1201 5.27394e-05
1202 7.58129e-05
1203 6.2628e-05
1204 6.59242e-05
1205 6.42761e-05
1206 6.2628e-05
1207 8.07572e-05
1208 8.73496e-05
1209 9.22939e-05
1210 9.39421e-05
1211 7.7461e-05
1212 0.000103831
1213 7.25167e-05
1214 5.27394e-05
1215 4.94432e-05
1216 7.7461e-05
1217 6.59242e-05
1218 5.27394e-05
1219 4.94432e-05
1220 3.46102e-05
1221 2.63697e-05
1222 2.63697e-05
1223 2.14254e-05
1224 3.95545e-05
1225 4.28508e-05
1226 1.4833e-05
1227 2.30735e-05
1228 1.81292e-05
1229 2.47216e-05
1230 2.14254e-05
1231 2.80178e-05
1232 2.30735e-05
1233 8.24053e-06
1234 9.88864e-06
1235 1.4833e-05
1236 2.47216e-05
1237 8.24053e-06
1238 1.15367e-05
1239 4.94432e-06
1240 1.4833e-05
1241 1.81292e-05
1242 6.59242e-06
1243 6.59242e-06
1244 1.4833e-05
1245 8.24053e-06
1246 1.64811e-06
1247 1.31848e-05
1248 1.15367e-05
1249 1.4833e-05
1250 9.88864e-06
1251 1.15367e-05
1252 6.59242e-06
1253 1.64811e-05
1254 4.94432e-06
1255 9.88864e-06
1256 6.59242e-06
1257 1.4833e-05
1258 9.88864e-06
1259 1.15367e-05
1260 1.64811e-05
1261 9.88864e-06
1262 4.94432e-06
1263 9.88864e-06
1264 4.94432e-06
1265 1.4833e-05
1266 4.94432e-06
1267 6.59242e-06
1268 9.88864e-06
1269 3.29621e-06
1270 8.24053e-06
1271 9.88864e-06
1272 6.59242e-06
1273 6.59242e-06
1274 3.29621e-06
1275 6.59242e-06
1276 1.31848e-05
1277 1.31848e-05
1278 6.59242e-06
1279 6.59242e-06
1280 1.81292e-05
1281 1.15367e-05
1282 8.24053e-06
1283 3.29621e-06
1284 9.88864e-06
1285 1.15367e-05
1286 1.64811e-05
1287 6.59242e-06
1288 2.47216e-05
1289 9.88864e-06
1290 4.94432e-06
1291 3.29621e-06
1292 1.31848e-05
1293 1.31848e-05
1294 3.29621e-06
1295 8.24053e-06
1296 3.29621e-06
1297 4.94432e-06
1298 6.59242e-06
1299 4.94432e-06
1300 3.29621e-06
1301 1.31848e-05
1302 6.59242e-06
1303 1.4833e-05
1304 1.15367e-05
1305 9.88864e-06
1306 1.31848e-05
1307 1.64811e-06
1308 4.94432e-06
1309 1.31848e-05
1310 1.31848e-05
1311 4.94432e-06
1312 1.15367e-05
1313 4.94432e-06
1314 8.24053e-06
1315 1.64811e-06
1316 4.94432e-06
1317 1.31848e-05
1318 8.24053e-06
1319 1.31848e-05
1320 9.88864e-06
1321 6.59242e-06
1322 8.24053e-06
1323 1.64811e-05
1324 3.29621e-06
1326 8.24053e-06
1327 1.64811e-06
1328 3.29621e-06
1329 4.94432e-06
1330 9.88864e-06
1331 8.24053e-06
1332 1.31848e-05
1333 4.94432e-06
1334 9.88864e-06
1335 4.94432e-06
1336 9.88864e-06
1337 3.29621e-06
1338 1.15367e-05
1339 8.24053e-06
1340 8.24053e-06
1341 6.59242e-06
1342 3.29621e-06
1343 3.29621e-06
1344 9.88864e-06
1345 1.31848e-05
1346 1.64811e-06
1347 1.15367e-05
1348 6.59242e-06
1349 4.94432e-06
1350 1.81292e-05
1351 9.88864e-06
1352 6.59242e-06
1353 1.15367e-05
1354 9.88864e-06
1355 6.59242e-06
1356 1.64811e-05
1357 1.31848e-05
1358 9.88864e-06
1359 3.29621e-06
1360 3.29621e-06
1361 9.88864e-06
1362 8.24053e-06
1363 1.15367e-05
1364 9.88864e-06
1365 4.94432e-06
1366 6.59242e-06
1367 1.64811e-06
1368 1.64811e-06
1369 3.29621e-06
1370 4.94432e-06
1371 4.94432e-06
1372 1.64811e-06
1373 6.59242e-06
1374 9.88864e-06
1375 3.29621e-06
1376 9.88864e-06
1377 8.24053e-06
1378 1.31848e-05
1379 2.30735e-05
1380 1.4833e-05
1381 1.31848e-05
1382 1.15367e-05
1383 2.14254e-05
1384 3.46102e-05
1385 6.59242e-06
1386 6.59242e-06
1387 9.88864e-06
1388 6.59242e-06
1389 8.24053e-06
1390 1.15367e-05
1391 3.29621e-06
1392 3.29621e-06
1393 3.29621e-06
1394 1.31848e-05
1395 9.88864e-06
1396 9.88864e-06
1397 4.94432e-06
1398 4.94432e-06
1399 8.24053e-06
1400 9.88864e-06
1401 2.96659e-05
1402 1.31848e-05
1403 8.24053e-06
1404 8.24053e-06
1405 8.24053e-06
1406 1.31848e-05
1407 9.88864e-06
1408 2.30735e-05
1409 6.59242e-06
1410 3.29621e-06
1411 9.88864e-06
1412 6.59242e-06
1413 8.24053e-06
1415 9.88864e-06
1416 9.88864e-06
1417 3.29621e-06
1418 4.94432e-06
1419 1.64811e-06
1420 3.29621e-06
1421 8.24053e-06
1422 3.29621e-06
1423 6.59242e-06
1424 9.88864e-06
1425 3.29621e-06
1426 6.59242e-06
1427 1.64811e-05
1428 3.29621e-06
1429 4.94432e-06
1430 6.59242e-06
1431 6.59242e-06
1432 1.15367e-05
1433 6.59242e-06
1434 8.24053e-06
1435 3.29621e-06
1436 1.64811e-06
1437 4.94432e-06
1438 6.59242e-06
1439 3.29621e-06
1440 1.15367e-05
1441 8.24053e-06
1442 8.24053e-06
1443 1.64811e-06
1444 8.24053e-06
1445 9.88864e-06
1446 4.94432e-06
1447 4.94432e-06
1448 1.15367e-05
1449 6.59242e-06
1450 6.59242e-06
1451 3.29621e-06
1452 3.29621e-05
1453 0.00040873
1454 0.000351047
1455 5.60356e-05
1456 4.94432e-06
1457 1.4833e-05
1458 6.59242e-06
1459 6.59242e-06
1460 8.24053e-06
1461 9.88864e-06
1462 8.24053e-06
1464 1.64811e-06
1465 2.14254e-05
1466 6.59242e-06
1467 1.64811e-06
1469 8.24053e-06
1470 4.94432e-06
1471 3.29621e-06
1472 9.88864e-06
1473 6.59242e-06
1474 1.15367e-05
1475 3.29621e-06
1476 8.24053e-06
1477 3.29621e-06
1478 3.29621e-06
1479 1.64811e-06
1480 8.24053e-06
1481 4.94432e-06
1482 4.94432e-06
1483 8.24053e-06
1484 2.47216e-05
1485 1.81292e-05
1486 4.94432e-06
1487 2.14254e-05
1488 2.30735e-05
1489 1.4833e-05
1490 1.64811e-06
1491 4.94432e-06
1492 4.94432e-06
1493 4.94432e-06
1494 8.24053e-06
1495 4.94432e-06
1496 8.24053e-06
1497 8.24053e-06
1498 6.59242e-06
1499 4.94432e-06
1501 3.29621e-06
1502 4.94432e-06
1503 1.31848e-05
1504 8.24053e-06
1505 8.24053e-06
1506 8.24053e-06
1507 1.31848e-05
1508 9.88864e-06
1509 4.94432e-06
1510 8.24053e-06
1512 9.88864e-06
1513 1.64811e-06
1514 4.94432e-06
1515 1.64811e-06
1516 9.88864e-06
1517 3.29621e-06
1518 9.88864e-06
1519 9.88864e-06
1520 3.29621e-06
1521 1.64811e-06
1522 2.14254e-05
1523 1.64811e-05
1524 6.59242e-06
1525 4.94432e-06
1526 8.24053e-06
1527 4.94432e-06
1528 8.24053e-06
1530 8.24053e-06
1531 9.88864e-06
1532 6.59242e-06
1533 4.94432e-06
1534 9.88864e-06
1535 1.64811e-06
1536 6.59242e-06
1537 6.59242e-06
1538 4.94432e-06
1539 6.59242e-06
1540 4.94432e-06
1541 1.64811e-05
1542 9.88864e-06
1543 1.81292e-05
1544 8.24053e-06
1545 4.94432e-06
1546 6.59242e-06
1547 3.29621e-06
1548 8.24053e-06
1549 4.94432e-06
1550 8.24053e-06
1551 3.29621e-06
1552 4.94432e-06
1553 9.88864e-06
1554 4.94432e-06
1555 8.24053e-06
1556 3.29621e-06
1557 8.24053e-06
1558 9.88864e-06
1559 3.29621e-06
1560 9.88864e-06
1561 1.15367e-05
1562 8.24053e-06
1563 4.94432e-06
1564 3.29621e-06
1565 8.24053e-06
1566 9.88864e-06
1567 1.64811e-06
1568 6.59242e-06
1569 3.29621e-06
1571 6.59242e-06
1572 8.24053e-06
1573 3.29621e-06
1574 1.15367e-05
1575 1.64811e-06
1576 3.29621e-06
1577 6.59242e-06
1578 8.24053e-06
1579 8.24053e-06
1580 6.59242e-06
1581 3.29621e-06
1582 6.59242e-06
1583 6.59242e-06
1584 4.94432e-06
1585 8.24053e-06
1586 1.15367e-05
1587 3.29621e-06
1588 9.88864e-06
1589 6.59242e-06
1590 6.59242e-06
1591 8.24053e-06
1592 1.64811e-06
1593 8.24053e-06
1594 1.97773e-05
1595 9.88864e-06
1596 1.15367e-05
1597 1.15367e-05
1598 8.24053e-06
1599 1.15367e-05
1600 6.59242e-06
1601 4.94432e-06
1602 1.64811e-05
1603 1.97773e-05
1604 1.31848e-05
1605 2.47216e-05
1606 2.14254e-05
1607 2.14254e-05
1608 2.63697e-05
1609 2.63697e-05
1610 2.96659e-05
1611 2.96659e-05
1612 3.62583e-05
1613 3.62583e-05
1614 3.46102e-05
1615 3.1314e-05
1616 3.79064e-05
1617 2.80178e-05
1618 3.1314e-05
1619 2.96659e-05
1620 1.81292e-05
1621 2.14254e-05
1622 1.64811e-05
1623 2.63697e-05
1624 3.29621e-05
1625 2.14254e-05
1626 3.79064e-05
1627 1.64811e-05
1628 1.81292e-05
1629 2.63697e-05
1630 2.80178e-05
1631 3.1314e-05
1632 3.46102e-05
1633 1.81292e-05
1634 2.96659e-05
1635 1.81292e-05
1636 1.97773e-05
1637 1.64811e-05
1638 6.59242e-06
1639 3.29621e-06
1640 1.81292e-05
1641 1.31848e-05
1642 8.24053e-06
1643 1.15367e-05
1644 1.4833e-05
1645 8.24053e-06
1646 4.94432e-06
1647 9.88864e-06
1648 8.24053e-06
1649 1.4833e-05
1650 8.24053e-06
1651 3.29621e-06
1652 1.97773e-05
1653 1.4833e-05
1654 8.24053e-06
1655 8.24053e-06
1656 6.59242e-06
1657 8.24053e-06
1658 8.24053e-06
1659 3.29621e-06
1661 4.94432e-06
1662 1.64811e-06
1663 6.59242e-06
1665 1.64811e-06
1666 3.29621e-06
1667 1.64811e-06
1668 6.59242e-06
1669 3.29621e-06
1670 6.59242e-06
1671 3.29621e-06
1672 1.64811e-06
1673 9.88864e-06
1674 8.24053e-06
1675 3.29621e-06
1676 8.24053e-06
1677 6.59242e-06
1678 3.29621e-06
1679 1.64811e-06
1680 4.94432e-06
1681 1.64811e-06
1682 6.59242e-06
1684 1.64811e-06
1686 3.29621e-06
1687 4.94432e-06
1688 4.94432e-06
1689 1.64811e-06
1691 3.29621e-06
1692 3.29621e-06
1693 4.94432e-06
1694 1.64811e-06
1695 1.64811e-06
1696 4.94432e-06
1697 3.29621e-06
1699 1.64811e-06
1700 3.29621e-06
1702 3.29621e-06
1703 1.64811e-06
1704 1.64811e-06
1705 4.94432e-06
1708 1.64811e-06
1709 1.64811e-06
1710 4.94432e-06
1711 9.88864e-06
1712 1.64811e-06
1713 4.94432e-06
1714 4.94432e-06
1715 1.64811e-06
1716 4.94432e-06
1717 1.15367e-05
1718 3.29621e-06
1719 3.29621e-06
1720 8.24053e-06
1722 1.64811e-06
1723 4.94432e-06
1724 3.29621e-06
1725 1.64811e-06
1726 4.94432e-06
1727 6.59242e-06
1728 4.94432e-06
1729 8.24053e-06
1730 3.29621e-06
1731 1.64811e-06
1733 3.29621e-06
1734 3.29621e-06
1736 4.94432e-06
1737 3.29621e-06
1738 3.29621e-06
1740 1.64811e-06
1742 6.59242e-06
1743 3.29621e-06
1744 4.94432e-06
1745 4.94432e-06
1747 1.64811e-06
1748 3.29621e-06
1749 1.64811e-06
1750 3.29621e-06
1751 1.64811e-06
1752 3.29621e-06
1755 6.59242e-06
1756 1.64811e-06
1757 1.64811e-06
1758 1.64811e-06
1759 3.29621e-06
1761 3.29621e-06
1762 3.29621e-06
1763 3.29621e-06
1764 1.64811e-06
1765 3.29621e-06
1766 6.59242e-06
1767 1.64811e-06
1768 1.64811e-06
1769 3.29621e-06
1771 1.64811e-06
1772 1.64811e-06
1774 4.94432e-06
1776 6.59242e-06
1777 3.29621e-06
1778 6.59242e-06
1780 4.94432e-06
1781 6.59242e-06
1782 3.29621e-06
1783 4.94432e-06
1784 1.64811e-06
1786 6.59242e-06
1788 8.24053e-06
1789 3.29621e-06
1790 1.64811e-06
1791 1.64811e-06
1792 1.64811e-06
1793 8.24053e-06
1794 3.29621e-06
1795 6.59242e-06
1797 4.94432e-06
1798 1.64811e-06
1799 1.64811e-06
1801 3.29621e-06
1802 3.29621e-06
1803 3.29621e-06
1804 1.64811e-06
1805 3.29621e-06
1806 3.29621e-06
1807 1.64811e-06
1809 1.64811e-06
1811 1.64811e-06
1812 1.64811e-06
1813 4.94432e-06
1814 1.64811e-06
1815 3.29621e-06
1816 3.29621e-06
1817 1.64811e-06
1820 1.64811e-06
1823 3.29621e-06
1824 3.29621e-06
1825 3.29621e-06
1827 3.29621e-06
1828 3.29621e-06
1829 1.64811e-06
1830 3.29621e-06
1831 1.64811e-06
1832 4.94432e-06
1833 3.29621e-06
1834 1.64811e-06
1835 3.29621e-06
1836 3.29621e-06
1837 1.64811e-06
1838 1.64811e-06
1839 3.29621e-06
1841 1.64811e-06
1842 3.29621e-06
1843 1.64811e-06
1844 8.24053e-06
1846 6.59242e-06
1847 1.64811e-06
1848 3.29621e-06
1849 6.59242e-06
1851 1.64811e-06
1852 1.64811e-06
1854 3.29621e-06
1855 3.29621e-06
1857 6.59242e-06
1858 6.59242e-06
1859 3.29621e-06
1860 6.59242e-06
1861 1.64811e-06
1862 1.64811e-06
1863 4.94432e-06
1864 4.94432e-06
1866 1.64811e-06
1867 6.59242e-06
1868 3.29621e-06
1869 3.29621e-06
1870 1.64811e-06
1871 9.88864e-06
1872 1.64811e-06
1875 3.29621e-06
1876 3.29621e-06
1880 4.94432e-06
1881 3.29621e-06
1883 1.64811e-06
1884 4.94432e-06
1885 4.94432e-06
1886 4.94432e-06
1887 6.59242e-06
1888 1.31848e-05
1889 6.59242e-06
1892 4.94432e-06
1893 1.64811e-06
1894 3.29621e-06
1895 1.64811e-06
1896 6.59242e-06
1897 3.29621e-06
1898 4.94432e-06
1900 1.64811e-06
1901 4.94432e-06
1902 3.29621e-06
1903 1.64811e-06
1904 1.64811e-06
1906 4.94432e-06
1907 6.59242e-06
1908 1.64811e-06
1910 3.29621e-06
1912 1.64811e-06
1913 1.64811e-06
1914 4.94432e-06
1916 4.94432e-06
1917 4.94432e-06
1919 4.94432e-06
1920 3.29621e-06
1921 4.94432e-06
1922 3.29621e-06
1923 4.94432e-06
1924 3.29621e-06
1925 3.29621e-06
1926 4.94432e-06
1927 8.24053e-06
1928 1.64811e-06
1930 3.29621e-06
1931 1.64811e-06
1934 1.64811e-06
1935 1.64811e-06
1936 8.24053e-06
1937 8.24053e-06
1938 1.64811e-06
1939 3.29621e-06
1940 3.29621e-06
1941 1.64811e-06
1942 1.64811e-06
1943 3.29621e-06
1945 4.94432e-06
1947 6.59242e-06
1948 1.64811e-06
1950 4.94432e-06
1951 1.64811e-06
1952 3.29621e-06
1953 3.29621e-06
1954 4.94432e-06
1955 1.64811e-06
1956 1.64811e-06
1957 3.29621e-06
1958 6.59242e-06
1959 4.94432e-06
1960 3.29621e-06
1961 1.64811e-06
1964 1.64811e-06
1965 4.94432e-06
1967 1.64811e-06
1968 9.88864e-06
1969 3.29621e-06
1971 4.94432e-06
1973 6.59242e-06
1974 1.64811e-06
1975 1.64811e-06
1976 4.94432e-06
1977 3.29621e-06
1978 4.94432e-06
1979 1.64811e-06
1980 3.29621e-06
1981 4.94432e-06
1982 1.64811e-06
1983 3.29621e-06
1984 1.64811e-06
1986 3.29621e-06
1987 4.94432e-06
1988 1.64811e-06
1989 1.64811e-06
1991 6.59242e-06
1992 3.29621e-06
1993 6.59242e-06
1994 3.29621e-06
1995 1.64811e-06
1996 9.88864e-06
1997 4.94432e-06
1998 8.24053e-06
1999 1.64811e-06
2000 6.59242e-06
2001 6.59242e-06
2002 4.94432e-06
2003 9.88864e-06
2004 9.88864e-06
2005 6.59242e-06
2006 8.24053e-06
2007 1.15367e-05
2008 1.31848e-05
2009 9.88864e-06
2010 8.24053e-06
2011 6.59242e-06
2012 1.4833e-05
2013 9.88864e-06
2014 9.88864e-06
2015 1.31848e-05
2016 8.24053e-06
2017 8.24053e-06
2018 1.4833e-05
2019 9.88864e-06
2020 6.59242e-06
2021 1.4833e-05
2022 9.88864e-06
2023 8.24053e-06
2024 1.4833e-05
2025 9.88864e-06
2026 9.88864e-06
2027 9.88864e-06
2028 2.14254e-05
2029 1.15367e-05
2030 1.81292e-05
2031 1.81292e-05
2032 1.4833e-05
2033 2.30735e-05
2034 2.63697e-05
2035 1.97773e-05
2036 2.30735e-05
2037 2.30735e-05
2038 1.81292e-05
2039 2.30735e-05
2040 1.97773e-05
2041 9.88864e-06
2042 2.14254e-05
2043 8.24053e-06
2044 8.24053e-06
2045 1.64811e-05
2046 1.31848e-05
2047 1.64811e-05
2048 1.31848e-05
2049 1.31848e-05
2050 3.29621e-06
2051 1.64811e-06
2052 6.59242e-06
2053 6.59242e-06
2054 3.29621e-06
2055 1.15367e-05
2056 4.94432e-06
2057 1.64811e-06
2058 4.94432e-06
2059 9.88864e-06
2060 3.29621e-06
2061 3.29621e-06
2062 1.64811e-06
2063 3.29621e-06
2064 1.64811e-06
2066 3.29621e-06
2067 3.29621e-06
2068 1.64811e-06
2069 3.29621e-06
2070 4.94432e-06
2073 1.64811e-06
2074 3.29621e-06
2076 3.29621e-06
2077 3.29621e-06
2079 1.64811e-06
2080 1.64811e-06
2082 4.94432e-06
2083 1.15367e-05
2084 3.29621e-06
2085 1.64811e-06
2086 3.29621e-06
2087 3.29621e-06
2088 3.29621e-06
2090 3.29621e-06
2091 1.64811e-06
2092 4.94432e-06
2093 4.94432e-06
2094 3.29621e-06
2095 3.29621e-06
2097 1.64811e-06
2098 1.64811e-06
2100 1.64811e-06
2101 6.59242e-06
2104 3.29621e-06
2105 1.64811e-06
2106 3.29621e-06
2107 1.64811e-06
2108 4.94432e-06
2109 1.64811e-06
2110 6.59242e-06
2111 3.29621e-06
2112 4.94432e-06
2113 4.94432e-06
2114 1.64811e-06
2115 1.64811e-06
2116 3.29621e-06
2119 8.24053e-06
2120 1.64811e-06
2121 1.64811e-06
2122 3.29621e-06
2123 1.64811e-06
2124 1.64811e-06
2125 6.59242e-06
2126 8.24053e-06
2127 4.94432e-06
2128 8.24053e-06
2129 1.64811e-06
2130 1.64811e-06
2132 3.29621e-06
2133 3.29621e-06
2134 1.64811e-06
2136 1.64811e-06
2137 3.29621e-06
2139 1.64811e-06
2141 1.64811e-06
2142 3.29621e-06
2143 3.29621e-06
2144 3.29621e-06
2145 1.64811e-06
2146 1.64811e-06
2147 6.59242e-06
2148 1.64811e-06
2149 3.29621e-06
2150 3.29621e-06
2151 8.24053e-06
2152 3.29621e-06
2153 1.64811e-06
2154 3.29621e-06
2155 1.64811e-06
2156 6.59242e-06
2157 6.59242e-06
2158 1.64811e-06
2159 3.29621e-06
2161 1.64811e-06
2163 1.64811e-06
2164 1.64811e-06
2165 1.64811e-06
2166 1.64811e-06
2167 4.94432e-06
2168 3.29621e-06
2169 3.29621e-06
2170 1.64811e-06
2171 4.94432e-06
2172 3.29621e-06
2173 3.29621e-06
2174 6.59242e-06
2176 8.24053e-06
2177 4.94432e-06
2178 3.29621e-06
2179 1.64811e-06
2180 1.64811e-06
2181 3.29621e-06
2182 3.29621e-06
2183 6.59242e-06
2184 3.29621e-06
2185 1.64811e-06
2186 1.64811e-06
2187 1.64811e-06
2188 4.94432e-06
2189 3.29621e-06
2190 3.29621e-06
2191 6.59242e-06
2192 1.64811e-06
2193 6.59242e-06
2194 4.94432e-06
2195 3.29621e-06
2196 4.94432e-06
2197 1.64811e-06
2198 3.29621e-06
2199 1.64811e-06
2200 3.29621e-06
2202 1.64811e-06
2203 3.29621e-06
2204 3.29621e-06
2205 4.94432e-06
2206 4.94432e-06
2207 3.29621e-06
2208 6.59242e-06
2209 9.88864e-06
2210 1.64811e-06
2211 3.29621e-06
2213 3.29621e-06
2214 1.64811e-06
2215 3.29621e-06
2216 4.94432e-06
2217 3.29621e-06
2218 4.94432e-06
2219 1.64811e-06
2220 6.59242e-06
2221 1.64811e-06
2222 6.59242e-06
2223 6.59242e-06
2224 6.59242e-06
2225 9.88864e-06
2226 1.64811e-06
2227 3.29621e-06
2228 3.29621e-06
2230 1.64811e-06
2231 1.64811e-06
2232 1.64811e-06
2233 3.29621e-06
2234 1.64811e-06
2235 4.94432e-06
2236 3.29621e-06
2237 1.64811e-06
2238 1.64811e-06
2240 3.29621e-06
2241 4.94432e-06
2242 1.64811e-06
2243 1.64811e-06
2244 1.64811e-06
2246 1.64811e-06
2248 6.59242e-06
2249 3.29621e-06
2250 1.64811e-06
2251 3.29621e-06
2253 1.64811e-06
2254 4.94432e-06
2255 3.29621e-06
2256 3.29621e-06
2257 1.64811e-06
2259 1.64811e-06
2260 1.64811e-06
2261 6.59242e-06
2262 6.59242e-06
2263 4.94432e-06
2264 1.64811e-06
2265 8.24053e-06
2266 3.29621e-06
2267 1.64811e-06
2268 1.64811e-06
2269 4.94432e-06
2270 1.64811e-06
2271 3.29621e-06
2272 1.64811e-06
2273 1.64811e-06
2274 3.29621e-06
2275 3.29621e-06
2277 1.64811e-06
2278 9.88864e-06
2279 8.24053e-06
2280 3.29621e-06
2283 1.64811e-06
2285 6.59242e-06
2288 1.64811e-06
2292 3.29621e-06
2293 1.64811e-06
2294 1.64811e-06
2295 3.29621e-06
2296 1.64811e-06
2297 1.64811e-06
2298 3.29621e-06
2299 3.29621e-06
2300 3.29621e-06
2301 1.64811e-06
2302 1.64811e-06
2303 1.64811e-06
2304 1.64811e-06
2305 4.94432e-06
2306 1.64811e-06
2307 3.29621e-06
2308 3.29621e-06
2309 1.64811e-06
2311 4.94432e-06
2312 3.29621e-06
2314 3.29621e-06
2316 4.94432e-06
2317 3.29621e-06
2318 6.59242e-06
2319 3.29621e-06
2320 3.29621e-06
2321 1.64811e-06
2322 1.64811e-06
2327 3.29621e-06
2328 1.64811e-06
2329 1.64811e-06
2330 4.94432e-06
2331 1.64811e-06
2332 3.29621e-06
2333 4.94432e-06
2334 1.64811e-06
2336 1.64811e-06
2337 4.94432e-06
2338 3.29621e-06
2339 1.64811e-06
2340 3.29621e-06
2342 1.64811e-06
2343 3.29621e-06
2344 4.94432e-06
2346 4.94432e-06
2350 3.29621e-06
2351 3.29621e-06
2352 8.24053e-06
2353 1.64811e-06
2354 4.94432e-06
2357 1.64811e-06
2360 3.29621e-06
2363 1.64811e-06
2364 1.64811e-06
2367 3.29621e-06
2370 1.64811e-06
2371 3.29621e-06
2374 3.29621e-06
2375 1.64811e-06
2376 1.64811e-06
2377 3.29621e-06
2378 4.94432e-06
2379 1.64811e-06
2380 3.29621e-06
2381 3.29621e-06
2382 1.64811e-06
2383 1.64811e-06
2384 3.29621e-06
2385 3.29621e-06
2386 1.64811e-06
2388 1.64811e-06
2390 9.88864e-06
2391 4.94432e-06
2392 4.94432e-06
2394 4.94432e-06
2395 1.64811e-06
2396 3.29621e-06
2397 6.59242e-06
2398 4.94432e-06
2399 1.64811e-06
2400 4.94432e-06
2401 4.94432e-06
2402 3.29621e-06
2403 1.64811e-06
2404 3.29621e-06
2405 1.64811e-06
2406 3.29621e-06
2407 1.64811e-06
2409 3.29621e-06
2412 3.29621e-06
2413 1.64811e-06
2414 4.94432e-06
2415 3.29621e-06
2416 4.94432e-06
2417 3.29621e-06
2418 4.94432e-06
2419 3.29621e-06
2420 4.94432e-06
2421 1.64811e-06
2422 3.29621e-06
2423 8.24053e-06
2424 1.64811e-06
2425 1.64811e-06
2426 1.31848e-05
2427 8.24053e-06
2428 4.94432e-06
2429 1.15367e-05
2430 9.88864e-06
2431 1.64811e-06
2432 4.94432e-06
2433 8.24053e-06
2434 4.94432e-06
2435 3.29621e-06
2436 3.29621e-06
2437 6.59242e-06
2438 1.15367e-05
2439 4.94432e-06
2440 8.24053e-06
2441 6.59242e-06
2442 6.59242e-06
2443 8.24053e-06
2444 3.29621e-06
2445 1.64811e-06
2446 4.94432e-06
2447 4.94432e-06
2449 4.94432e-06
2450 6.59242e-06
2451 3.29621e-06
2452 6.59242e-06
2453 6.59242e-06
2454 8.24053e-06
2455 3.29621e-06
2456 1.15367e-05
2457 9.88864e-06
2458 8.24053e-06
2459 6.59242e-06
2460 9.88864e-06
2461 3.29621e-06
2462 1.64811e-06
2463 6.59242e-06
2464 4.94432e-06
2465 3.29621e-06
2466 8.24053e-06
2467 1.15367e-05
2468 9.88864e-06
2469 8.24053e-06
2470 3.29621e-06
2471 1.64811e-06
2472 1.64811e-06
2473 1.64811e-06
2474 3.29621e-06
2475 3.29621e-06
2476 4.94432e-06
2477 4.94432e-06
2478 4.94432e-06
2479 1.64811e-06
2481 4.94432e-06
2482 4.94432e-06
2483 3.29621e-06
2484 3.29621e-06
2485 1.64811e-06
2487 1.64811e-06
2488 3.29621e-06
2489 1.64811e-06
2490 4.94432e-06
2491 3.29621e-06
2492 9.88864e-06
2493 1.64811e-06
2494 3.29621e-06
2496 3.29621e-06
2497 1.64811e-06
2498 1.64811e-06
2499 1.64811e-06
2500 1.64811e-06
2501 1.64811e-06
2502 4.94432e-06
2505 3.29621e-06
2506 1.64811e-06
2509 1.64811e-06
2510 4.94432e-06
2511 1.64811e-06
2512 1.64811e-06
2513 1.64811e-06
2514 1.81292e-05
2515 4.94432e-06
2516 4.94432e-06
2517 3.29621e-06
2518 4.94432e-06
2519 4.94432e-06
2520 3.29621e-06
2521 3.29621e-06
2522 4.94432e-06
2524 3.29621e-06
2525 1.64811e-06
2528 1.64811e-06
2529 4.94432e-06
2531 1.64811e-06
2532 4.94432e-06
2535 1.64811e-06
2536 1.64811e-06
2538 1.64811e-06
2539 1.64811e-06
2540 3.29621e-06
2542 1.64811e-06
2543 1.64811e-06
2544 1.64811e-06
2546 1.64811e-06
2548 1.64811e-06
2549 1.64811e-06
2550 4.94432e-06
2552 3.29621e-06
2553 1.64811e-06
2555 3.29621e-06
2556 3.29621e-06
2558 3.29621e-06
2560 1.64811e-06
2562 1.64811e-06
2564 3.29621e-06
2565 1.64811e-06
2566 1.64811e-06
2567 1.64811e-06
2568 1.64811e-06
2569 3.29621e-06
2570 1.64811e-06
2571 1.64811e-06
2572 4.94432e-06
2573 1.64811e-06
2574 6.59242e-06
2576 1.64811e-06
2578 1.64811e-06
2579 3.29621e-06
2580 3.29621e-06
2581 1.64811e-06
2584 6.59242e-06
2585 1.64811e-06
2587 1.64811e-06
2588 6.59242e-06
2589 1.64811e-06
2590 3.29621e-06
2592 1.64811e-06
2593 1.64811e-06
2594 1.64811e-06
2595 3.29621e-06
2596 3.29621e-06
2597 1.64811e-06
2598 1.64811e-06
2599 3.29621e-06
2602 1.64811e-06
2603 1.64811e-06
2604 1.64811e-06
2606 1.64811e-06
2607 1.64811e-06
2608 3.29621e-06
2611 3.29621e-06
2615 1.64811e-06
2616 3.29621e-06
2617 3.29621e-06
2619 3.29621e-06
2622 1.64811e-06
2624 3.29621e-06
2625 1.64811e-06
2627 1.64811e-06
2629 1.64811e-06
2630 3.29621e-06
2631 1.64811e-06
2632 6.59242e-06
2633 4.94432e-06
2638 1.64811e-06
2641 1.64811e-06
2642 3.29621e-06
2643 1.64811e-06
2644 6.59242e-06
2646 1.64811e-06
2648 8.24053e-06
2649 4.94432e-06
2650 1.64811e-06
2651 1.64811e-06
2652 1.64811e-06
2653 1.64811e-06
2654 1.64811e-06
2655 3.29621e-06
2656 1.64811e-06
2657 1.64811e-06
2658 3.29621e-06
2659 3.29621e-06
2660 3.29621e-06
2661 1.64811e-06
2662 3.29621e-06
2663 1.64811e-06
2664 3.29621e-06
2665 3.29621e-06
2666 6.59242e-06
2667 1.64811e-06
2668 3.29621e-06
2670 1.64811e-06
2671 1.64811e-06
2672 1.64811e-06
2674 1.64811e-06
2675 3.29621e-06
2677 1.64811e-06
2678 3.29621e-06
2679 1.64811e-06
2681 3.29621e-06
2684 1.64811e-06
2685 1.64811e-06
2686 1.64811e-06
2687 1.64811e-06
2688 4.94432e-06
2689 3.29621e-06
2690 1.64811e-06
2692 1.64811e-06
2693 3.29621e-06
2695 3.29621e-06
2696 1.64811e-06
2698 4.94432e-06
2700 1.64811e-06
2701 1.64811e-06
2702 1.64811e-06
2703 4.94432e-06
2704 1.64811e-06
2706 3.29621e-06
2707 3.29621e-06
2708 1.64811e-06
2709 1.64811e-06
2710 3.29621e-06
2711 4.94432e-06
2713 3.29621e-06
2714 3.29621e-06
2715 1.64811e-06
2716 6.59242e-06
2717 1.64811e-06
2718 3.29621e-06
2719 3.29621e-06
2720 1.64811e-06
2722 1.64811e-06
2725 3.29621e-06
2726 3.29621e-06
2728 4.94432e-06
2729 1.64811e-06
2730 1.64811e-06
2731 1.64811e-06
2733 3.29621e-06
2734 1.64811e-06
2735 4.94432e-06
2738 3.29621e-06
2740 3.29621e-06
2741 4.94432e-06
2742 1.64811e-06
2744 1.64811e-06
2745 3.29621e-06
2747 1.64811e-06
2748 6.59242e-06
2749 3.29621e-06
2751 6.59242e-06
2752 3.29621e-06
2753 3.29621e-06
2756 1.64811e-06
2757 1.64811e-06
2758 3.29621e-06
2759 1.64811e-06
2760 1.64811e-06
2761 1.64811e-06
2762 3.29621e-06
2763 3.29621e-06
2765 3.29621e-06
2766 3.29621e-06
2767 1.64811e-06
2768 1.64811e-06
2769 1.64811e-06
2771 3.29621e-06
2772 4.94432e-06
2774 1.64811e-06
2775 6.59242e-06
2776 3.29621e-06
2777 1.64811e-06
2778 6.59242e-06
2779 8.24053e-06
2780 9.88864e-06
2781 3.29621e-06
2782 3.29621e-06
2783 1.64811e-06
2784 4.94432e-06
2785 1.64811e-06
2787 6.59242e-06
2788 6.59242e-06
2789 1.64811e-06
2790 6.59242e-06
2793 1.64811e-06
2797 1.64811e-06
2798 3.29621e-06
2803 3.29621e-06
2804 1.64811e-06
2805 3.29621e-06
2807 1.64811e-06
2808 4.94432e-06
2809 1.64811e-06
2810 1.64811e-06
2812 3.29621e-06
2814 1.64811e-06
2815 1.64811e-06
2816 1.64811e-06
2817 1.64811e-06
2818 4.94432e-06
2819 3.29621e-06
2821 3.29621e-06
2822 1.64811e-06
2824 1.64811e-06
2825 3.29621e-06
2826 1.64811e-06
2827 1.64811e-06
2828 1.64811e-06
2830 3.29621e-06
2831 3.29621e-06
2833 4.94432e-06
2834 1.64811e-06
2835 1.64811e-06
2836 3.29621e-06
2837 3.29621e-06
2838 1.64811e-06
2839 1.64811e-06
2840 3.29621e-06
2841 4.94432e-06
2842 3.29621e-06
2843 3.29621e-06
2845 1.64811e-06
2846 1.64811e-06
2847 3.29621e-06
2848 3.29621e-06
2849 3.29621e-06
2850 1.64811e-06
2851 3.29621e-06
2852 1.64811e-06
2853 3.29621e-06
2854 3.29621e-06
2855 3.29621e-06
2856 6.59242e-06
2857 3.29621e-06
2858 4.94432e-06
2859 8.24053e-06
2860 4.94432e-06
2861 3.29621e-06
2862 1.64811e-06
2863 6.59242e-06
2864 3.29621e-06
2865 4.94432e-06
2866 3.29621e-06
2867 4.94432e-06
2868 1.64811e-06
2869 4.94432e-06
2870 4.94432e-06
2871 1.64811e-06
2872 3.29621e-06
2873 1.64811e-06
2875 1.64811e-06
2877 1.64811e-06
2878 1.64811e-06
2879 4.94432e-06
2881 1.64811e-06
2882 8.24053e-06
2883 3.29621e-06
2886 3.29621e-06
2887 1.64811e-06
2888 6.59242e-06
2889 3.29621e-06
2891 1.64811e-06
2892 1.64811e-06
2896 1.64811e-06
2897 1.64811e-06
2899 1.64811e-06
2900 3.29621e-06
2901 1.64811e-06
2902 4.94432e-06
2903 1.64811e-06
2904 3.29621e-06
2906 1.64811e-06
2907 1.64811e-06
2908 1.64811e-06
2909 3.29621e-06
2912 1.64811e-06
2913 3.29621e-06
2914 3.29621e-06
2915 3.29621e-06
2917 1.64811e-06
2918 3.29621e-06
2919 1.64811e-06
2920 1.64811e-06
2921 1.64811e-06
2922 4.94432e-06
2923 1.64811e-06
2925 1.64811e-06
2928 1.64811e-06
2929 1.64811e-06
2930 4.94432e-06
2931 1.64811e-06
2932 1.64811e-06
2933 3.29621e-06
2935 1.64811e-06
2938 1.64811e-06
2939 1.64811e-06
2940 1.64811e-06
2943 1.64811e-06
2945 6.59242e-06
2946 3.29621e-06
2947 1.64811e-06
2948 3.29621e-06
2949 6.59242e-06
2951 4.94432e-06
2952 1.64811e-06
2954 4.94432e-06
2956 6.59242e-06
2958 1.64811e-06
2959 4.94432e-06
2960 3.29621e-06
2961 1.64811e-06
2962 3.29621e-06
2963 1.64811e-06
2965 1.64811e-06
2966 4.94432e-06
2968 1.64811e-06
2969 6.59242e-06
2970 3.29621e-06
2971 1.64811e-06
2972 1.64811e-06
2975 3.29621e-06
2977 3.29621e-06
2978 4.94432e-06
2979 1.64811e-06
2983 1.64811e-06
2985 1.64811e-06
2986 1.64811e-06
2988 1.64811e-06
2990 1.64811e-06
2992 1.64811e-06
2994 1.64811e-06
2996 1.64811e-06
2997 1.64811e-06
2998 1.64811e-06
2999 1.64811e-06
3001 1.64811e-06
3002 1.64811e-06
3006 1.64811e-06
3007 3.29621e-06
3008 1.64811e-06
3010 1.64811e-06
3012 1.64811e-06
3013 1.64811e-06
3016 1.64811e-06
3017 3.29621e-06
3020 1.64811e-06
3023 1.64811e-06
3026 1.64811e-06
3027 3.29621e-06
3028 1.64811e-06
3030 1.64811e-06
3031 1.64811e-06
3032 1.64811e-06
3033 1.64811e-06
3034 3.29621e-06
3035 3.29621e-06
3036 1.64811e-06
3037 4.94432e-06
3038 4.94432e-06
3039 4.94432e-06
3040 4.94432e-06
3041 3.29621e-06
3043 1.64811e-06
3044 1.64811e-06
3046 1.64811e-06
3047 1.64811e-06
3048 3.29621e-06
3051 3.29621e-06
3052 3.29621e-06
3053 1.64811e-06
3057 1.64811e-06
3058 1.64811e-06
3060 1.64811e-06
3061 4.94432e-06
3062 3.29621e-06
3063 1.64811e-06
3064 1.64811e-06
3065 3.29621e-06
3066 4.94432e-06
3068 3.29621e-06
3069 1.64811e-06
3070 1.64811e-06
3071 1.64811e-06
3076 1.64811e-06
3079 4.94432e-06
3080 1.64811e-06
3084 1.64811e-06
3088 1.64811e-06
3091 1.64811e-06
3093 1.64811e-06
3094 3.29621e-06
3095 1.64811e-06
3098 1.64811e-06
3100 1.64811e-06
3101 1.64811e-06
3102 1.64811e-06
3104 1.64811e-06
3106 4.94432e-06
3108 1.64811e-06
3109 6.59242e-06
3110 4.94432e-06
3112 1.64811e-06
3113 6.59242e-06
3114 3.29621e-06
3115 1.64811e-06
3116 9.88864e-06
3117 6.59242e-06
3118 3.29621e-06
3120 1.31848e-05
3121 1.64811e-06
3122 1.64811e-06
3124 3.29621e-06
3126 1.64811e-06
3128 1.64811e-06
3130 1.64811e-06
3133 1.64811e-06
3135 1.64811e-06
3138 3.29621e-06
3140 1.64811e-06
3142 1.64811e-06
3143 1.64811e-06
3144 1.64811e-06
3145 3.29621e-06
3146 3.29621e-06
3147 6.59242e-06
3148 1.64811e-06
3149 1.64811e-06
3150 1.64811e-06
3152 1.64811e-06
3157 3.29621e-06
3158 1.64811e-06
3159 6.59242e-06
3160 1.64811e-06
3161 1.64811e-06
3162 3.29621e-06
3164 1.64811e-06
3168 1.64811e-06
3170 1.64811e-06
3173 1.64811e-06
3175 3.29621e-06
3176 1.64811e-06
3179 4.94432e-06
3181 1.64811e-06
3182 1.64811e-06
3183 1.64811e-06
3185 1.64811e-06
3186 3.29621e-06
3187 1.64811e-06
3188 4.94432e-06
3189 1.64811e-06
3190 9.88864e-06
3191 6.59242e-06
3194 1.64811e-06
3197 3.29621e-06
3199 3.29621e-06
3200 3.29621e-06
3202 3.29621e-06
3205 1.64811e-06
3209 3.29621e-06
3216 6.59242e-06
3219 1.64811e-06
3221 1.64811e-06
3222 3.29621e-06
3226 1.64811e-06
3227 1.64811e-06
3230 1.64811e-06
3231 4.94432e-06
3233 1.64811e-06
3234 4.94432e-06
3236 1.64811e-06
3237 3.29621e-06
3238 8.24053e-06
3239 1.64811e-06
3240 8.24053e-06
3241 3.29621e-06
3243 3.29621e-06
3244 6.59242e-06
3245 4.94432e-06
3246 6.59242e-06
3247 4.94432e-06
3248 4.94432e-06
3249 8.24053e-06
3250 6.59242e-06
3251 4.94432e-06
3252 4.94432e-06
3253 4.94432e-06
3254 1.64811e-06
3256 1.64811e-06
3257 1.64811e-06
3258 3.29621e-06
3259 3.29621e-06
3260 1.64811e-06
3261 3.29621e-06
3264 1.64811e-06
3265 3.29621e-06
3266 1.64811e-06
3267 1.64811e-06
3268 1.64811e-06
3270 1.64811e-06
3271 1.64811e-06
3273 1.64811e-06
3277 1.64811e-06
3279 3.29621e-06
3282 3.29621e-06
3288 3.29621e-06
3289 1.64811e-06
3290 3.29621e-06
3293 3.29621e-06
3295 1.64811e-06
3297 1.64811e-06
3298 1.64811e-06
3299 1.64811e-06
3301 1.64811e-06
3303 1.64811e-06
3304 1.64811e-06
3306 1.64811e-06
3308 4.94432e-06
3309 1.64811e-06
3310 1.64811e-06
3311 6.59242e-06
3312 3.29621e-06
3314 1.64811e-06
3318 1.64811e-06
3320 1.64811e-06
3321 3.29621e-06
3323 1.64811e-06
3325 1.64811e-06
3330 4.94432e-06
3332 1.64811e-06
3333 1.64811e-06
3337 3.29621e-06
3340 1.64811e-06
3342 1.64811e-06
3345 1.64811e-06
3348 1.64811e-06
3351 1.64811e-06
3352 3.29621e-06
3353 1.64811e-06
3355 1.64811e-06
3356 1.64811e-06
3357 3.29621e-06
3358 3.29621e-06
3364 1.64811e-06
3365 9.88864e-06
3366 1.64811e-06
3368 1.64811e-06
3370 1.64811e-06
3371 3.29621e-06
3373 1.64811e-06
3374 3.29621e-06
3375 1.64811e-06
3376 4.94432e-06
3377 1.64811e-06
3379 3.29621e-06
3381 1.64811e-06
3383 1.64811e-06
3386 1.64811e-06
3387 3.29621e-06
3389 3.29621e-06
3390 1.64811e-06
3392 3.29621e-06
3393 1.64811e-06
3396 1.64811e-06
3397 4.94432e-06
3399 1.64811e-06
3402 1.64811e-06
3405 1.64811e-06
3407 1.64811e-06
3408 1.64811e-06
3412 1.64811e-06
3414 1.64811e-06
3417 1.64811e-06
3419 1.64811e-06
3421 3.29621e-06
3423 4.94432e-06
3425 1.64811e-06
3428 1.64811e-06
3430 1.64811e-06
3433 3.29621e-06
3435 9.88864e-06
3440 1.64811e-06
3441 1.64811e-06
3444 3.29621e-06
3448 1.64811e-06
3452 1.64811e-06
3453 1.64811e-06
3455 1.64811e-06
3460 3.29621e-06
3461 1.64811e-06
3462 1.64811e-06
3463 1.64811e-06
3466 3.29621e-06
3468 1.64811e-06
3469 3.29621e-06
3475 3.29621e-06
3477 1.64811e-06
3478 1.64811e-06
3479 3.29621e-06
3480 1.64811e-06
3481 1.64811e-06
3483 3.29621e-06
3487 1.64811e-06
3488 3.29621e-06
3489 1.64811e-06
3490 3.29621e-06
3493 3.29621e-06
3494 3.29621e-06
3496 1.64811e-06
3500 1.64811e-06
3506 1.64811e-06
3513 4.94432e-06
3516 1.64811e-06
3523 1.64811e-06
3527 1.64811e-06
3528 1.64811e-06
3529 3.29621e-06
3531 1.64811e-06
3545 1.64811e-06
3550 1.64811e-06
3556 3.29621e-06
3557 1.64811e-06
3559 1.64811e-06
3560 1.64811e-06
3562 1.64811e-06
3563 3.29621e-06
3565 1.64811e-06
3570 1.64811e-06
3571 1.64811e-06
3572 1.64811e-06
3576 1.64811e-06
3577 4.94432e-06
3582 1.64811e-06
3583 3.29621e-06
3584 1.64811e-06
3585 1.64811e-06
3587 1.64811e-06
3588 1.64811e-06
3591 1.64811e-06
3592 1.64811e-06
3598 1.64811e-06
3599 1.64811e-06
3600 3.29621e-06
3601 3.29621e-06
3603 1.64811e-06
3604 1.64811e-06
3608 1.64811e-06
3610 1.64811e-06
3611 1.64811e-06
3613 1.64811e-06
3618 1.64811e-06
3620 1.64811e-06
3621 3.29621e-06
3624 1.64811e-06
3625 1.64811e-06
3629 1.64811e-06
3630 1.64811e-06
3642 1.64811e-06
3644 1.64811e-06
3645 1.64811e-06
3647 1.64811e-06
3650 1.64811e-06
3652 1.64811e-06
3653 3.29621e-06
3654 3.29621e-06
3657 1.64811e-06
3658 1.64811e-06
3660 1.64811e-06
3667 1.64811e-06
3668 1.64811e-06
3669 4.94432e-06
3673 1.64811e-06
3674 1.64811e-06
3678 1.64811e-06
3683 1.64811e-06
3686 1.64811e-06
3687 1.64811e-06
3689 1.64811e-06
3690 1.64811e-06
3692 1.64811e-06
3694 1.64811e-06
3695 1.64811e-06
3699 1.64811e-06
3701 3.29621e-06
3711 1.64811e-06
3715 3.29621e-06
3718 3.29621e-06
3727 1.64811e-06
3729 1.64811e-06
3733 1.64811e-06
3737 1.64811e-06
3738 1.64811e-06
3740 1.64811e-06
3743 1.64811e-06
3744 3.29621e-06
3748 1.64811e-06
3750 1.64811e-06
3754 1.64811e-06
3756 1.64811e-06
3758 1.64811e-06
3761 1.64811e-06
3767 1.64811e-06
3768 1.64811e-06
3769 1.64811e-06
3770 1.64811e-06
3773 1.64811e-06
3774 3.29621e-06
3777 1.64811e-06
3778 1.64811e-06
3780 3.29621e-06
3791 1.64811e-06
3804 3.29621e-06
3806 1.64811e-06
3807 1.64811e-06
3808 1.64811e-06
3811 3.29621e-06
3816 3.29621e-06
3819 1.64811e-06
3820 1.64811e-06
3821 1.64811e-06
3822 1.64811e-06
3824 1.64811e-06
3825 1.64811e-06
3827 3.29621e-06
3832 1.64811e-06
3835 1.64811e-06
3840 1.64811e-06
3842 1.64811e-06
3845 1.64811e-06
3846 1.64811e-06
3847 1.64811e-06
3857 1.64811e-06
3860 1.64811e-06
3864 1.64811e-06
3866 4.94432e-06
3874 1.64811e-06
3876 1.64811e-06
3879 1.64811e-06
3884 4.94432e-06
3887 1.64811e-06
3889 1.64811e-06
3893 1.64811e-06
3896 1.64811e-06
3898 1.64811e-06
3905 1.64811e-06
3910 3.29621e-06
3912 1.64811e-06
3913 1.64811e-06
3914 1.64811e-06
3915 1.64811e-06
3916 1.64811e-06
3922 1.64811e-06
3924 1.64811e-06
3926 1.64811e-06
3929 1.64811e-06
3932 1.64811e-06
3939 1.64811e-06
3941 1.64811e-06
3943 1.64811e-06
3945 1.64811e-06
3951 1.64811e-06
3952 3.29621e-06
3953 3.29621e-06
3955 1.64811e-06
3960 3.29621e-06
3961 1.64811e-06
3966 1.64811e-06
3975 1.64811e-06
3977 1.64811e-06
3980 1.64811e-06
3981 3.29621e-06
3989 1.64811e-06
3991 1.64811e-06
3994 1.64811e-06
3996 3.29621e-06
3997 3.29621e-06
3999 1.64811e-06
4000 1.64811e-06
4004 1.64811e-06
4006 1.64811e-06
4007 1.64811e-06
4011 4.94432e-06
4012 1.64811e-06
4017 1.64811e-06
4023 1.64811e-06
4024 3.29621e-06
4026 1.64811e-06
4027 1.64811e-06
4028 1.64811e-06
4032 1.64811e-06
4037 1.64811e-06
4043 1.64811e-06
4044 1.64811e-06
4045 1.64811e-06
4046 1.64811e-06
4047 1.64811e-06
4048 3.29621e-06
4052 1.64811e-06
4054 1.64811e-06
4059 1.64811e-06
4065 1.64811e-06
4069 1.64811e-06
4072 1.64811e-06
4074 1.64811e-06
4081 1.64811e-06
4082 1.64811e-06
4085 1.64811e-06
4088 1.64811e-06
4089 1.64811e-06
4096 1.64811e-06
4098 3.29621e-06
4099 1.64811e-06
4103 3.29621e-06
4104 1.64811e-06
4109 1.64811e-06
4114 1.64811e-06
4115 1.64811e-06
4121 3.29621e-06
4126 1.64811e-06
4130 1.64811e-06
4132 1.64811e-06
4142 1.64811e-06
4145 1.64811e-06
4146 1.64811e-06
4150 1.64811e-06
4152 1.64811e-06
4165 1.64811e-06
4167 1.64811e-06
4171 1.64811e-06
4176 1.64811e-06
4181 1.64811e-06
4182 3.29621e-06
4184 1.64811e-06
4185 1.64811e-06
4187 1.64811e-06
4192 1.64811e-06
4193 1.64811e-06
4203 1.64811e-06
4207 1.64811e-06
4213 3.29621e-06
4217 1.64811e-06
4227 1.64811e-06
4229 3.29621e-06
4230 1.64811e-06
4233 3.29621e-06
4234 1.64811e-06
4237 1.64811e-06
4240 1.64811e-06
4248 1.64811e-06
4256 3.29621e-06
4258 3.29621e-06
4259 1.64811e-06
4280 1.64811e-06
4284 1.64811e-06
4287 1.64811e-06
4293 1.64811e-06
4302 1.64811e-06
4303 1.64811e-06
4310 3.29621e-06
4316 1.64811e-06
4318 1.64811e-06
4319 1.64811e-06
4321 1.64811e-06
4331 1.64811e-06
4333 1.64811e-06
4337 1.64811e-06
4345 1.64811e-06
4350 1.64811e-06
4354 1.64811e-06
4357 1.64811e-06
4358 1.64811e-06
4359 1.64811e-06
4361 1.64811e-06
4371 1.64811e-06
4377 1.64811e-06
4381 1.64811e-06
4382 1.64811e-06
4384 1.64811e-06
4387 1.64811e-06
4388 1.64811e-06
4399 1.64811e-06
4411 1.64811e-06
4420 1.64811e-06
4428 1.64811e-06
4430 1.64811e-06
4440 1.64811e-06
4442 1.64811e-06
4443 1.64811e-06
4445 1.64811e-06
4446 3.29621e-06
4447 4.94432e-06
4451 1.64811e-06
4455 1.64811e-06
4462 1.64811e-06
4463 1.64811e-06
4467 1.64811e-06
4470 1.64811e-06
4477 1.64811e-06
4485 1.64811e-06
4492 1.64811e-06
4496 1.64811e-06
4503 1.64811e-06
4504 3.29621e-06
4509 1.64811e-06
4510 1.64811e-06
4514 1.64811e-06
4518 1.64811e-06
4521 1.64811e-06
4528 1.64811e-06
4537 1.64811e-06
4544 1.64811e-06
4546 1.64811e-06
4554 1.64811e-06
4555 1.64811e-06
4556 1.64811e-06
4567 1.64811e-06
4568 3.29621e-06
4572 1.64811e-06
4585 1.64811e-06
4586 1.64811e-06
4589 1.64811e-06
4594 1.64811e-06
4597 1.64811e-06
4600 1.64811e-06
4633 1.64811e-06
4641 3.29621e-06
4645 1.64811e-06
4651 3.29621e-06
4654 1.64811e-06
4657 1.64811e-06
4658 3.29621e-06
4659 1.64811e-06
4660 1.64811e-06
4661 1.64811e-06
4662 1.64811e-06
4667 1.64811e-06
4668 1.64811e-06
4669 3.29621e-06
4671 1.64811e-06
4672 1.64811e-06
4674 3.29621e-06
4676 4.94432e-06
4680 1.64811e-06
4687 1.64811e-06
4690 1.64811e-06
4695 1.64811e-06
4701 3.29621e-06
4702 1.64811e-06
4703 1.64811e-06
4714 1.64811e-06
4716 1.64811e-06
4719 1.64811e-06
4720 3.29621e-06
4721 1.64811e-06
4735 1.64811e-06
4738 1.64811e-06
4739 1.64811e-06
4740 1.64811e-06
4743 1.64811e-06
4749 1.64811e-06
4754 1.64811e-06
4756 1.64811e-06
4760 1.64811e-06
4763 1.64811e-06
4766 3.29621e-06
4783 1.64811e-06
4789 1.64811e-06
4794 1.64811e-06
4795 1.64811e-06
4802 1.64811e-06
4803 1.64811e-06
4805 1.64811e-06
4808 3.29621e-06
4809 3.29621e-06
4815 1.64811e-06
4822 1.64811e-06
4823 1.64811e-06
4824 3.29621e-06
4825 3.29621e-06
4841 1.64811e-06
4847 1.64811e-06
4850 1.64811e-06
4855 1.64811e-06
4858 1.64811e-06
4861 1.64811e-06
4867 1.64811e-06
4874 1.64811e-06
4879 1.64811e-06
4888 3.29621e-06
4909 1.64811e-06
4910 1.64811e-06
4916 1.64811e-06
4918 1.64811e-06
4921 1.64811e-06
4930 1.64811e-06
4931 1.64811e-06
4935 1.64811e-06
4941 1.64811e-06
4957 1.64811e-06
4968 1.64811e-06
4975 1.64811e-06
4976 1.64811e-06
4982 1.64811e-06
4995 1.64811e-06
4997 1.64811e-06
5001 1.64811e-06
5002 1.64811e-06
5005 1.64811e-06
5010 1.64811e-06
5012 1.64811e-06
5014 1.64811e-06
5016 1.64811e-06
5020 1.64811e-06
5022 1.64811e-06
5023 1.64811e-06
5029 1.64811e-06
5031 1.64811e-06
5035 1.64811e-06
5038 1.64811e-06
5043 1.64811e-06
5044 1.64811e-06
5046 1.64811e-06
5047 3.29621e-06
5064 1.64811e-06
5069 3.29621e-06
5073 3.29621e-06
5075 1.64811e-06
5079 1.64811e-06
5080 1.64811e-06
5084 1.64811e-06
5091 1.64811e-06
5093 1.64811e-06
5095 1.64811e-06
5096 1.64811e-06
5098 1.64811e-06
5099 1.64811e-06
5103 1.64811e-06
5104 1.64811e-06
5109 1.64811e-06
5110 1.64811e-06
5113 1.64811e-06
5114 1.64811e-06
5116 1.64811e-06
5118 1.64811e-06
5122 1.64811e-06
5125 1.64811e-06
5133 1.64811e-06
5136 3.29621e-06
5138 3.29621e-06
5140 1.64811e-06
5146 1.64811e-06
5148 1.64811e-06
5150 1.64811e-06
5151 1.64811e-06
5155 1.64811e-06
5156 1.64811e-06
5157 1.64811e-06
5162 1.64811e-06
5166 1.64811e-06
5169 3.29621e-06
5171 1.64811e-06
5180 1.64811e-06
5184 1.64811e-06
5191 1.64811e-06
5192 1.64811e-06
5197 1.64811e-06
5198 1.64811e-06
5200 1.64811e-06
5202 1.64811e-06
5204 1.64811e-06
5206 1.64811e-06
5207 1.64811e-06
5209 1.64811e-06
5211 1.64811e-06
5214 3.29621e-06
5216 1.64811e-06
5228 1.64811e-06
5232 1.64811e-06
5235 1.64811e-06
5236 1.64811e-06
5239 1.64811e-06
5246 1.64811e-06
5248 1.64811e-06
5259 1.64811e-06
5266 3.29621e-06
5275 1.64811e-06
5283 1.64811e-06
5296 1.64811e-06
5299 1.64811e-06
5302 1.64811e-06
5303 1.64811e-06
5308 1.64811e-06
5313 1.64811e-06
5315 1.64811e-06
5318 1.64811e-06
5335 1.64811e-06
5337 1.64811e-06
5338 1.64811e-06
5350 1.64811e-06
5353 1.64811e-06
5361 1.64811e-06
5370 1.64811e-06
5372 1.64811e-06
5380 1.64811e-06
5384 1.64811e-06
5387 3.29621e-06
5391 1.64811e-06
5392 1.64811e-06
5399 1.64811e-06
5405 1.64811e-06
5408 1.64811e-06
5409 1.64811e-06
5424 1.64811e-06
5427 1.64811e-06
5436 1.64811e-06
5439 1.64811e-06
5448 1.64811e-06
5454 1.64811e-06
5460 1.64811e-06
5464 1.64811e-06
5465 1.64811e-06
5488 1.64811e-06
5499 1.64811e-06
5501 1.64811e-06
5513 1.64811e-06
5517 1.64811e-06
5520 1.64811e-06
5541 1.64811e-06
5545 1.64811e-06
5550 1.64811e-06
5551 1.64811e-06
5561 1.64811e-06
5568 1.64811e-06
5571 1.64811e-06
5574 1.64811e-06
5585 1.64811e-06
5587 1.64811e-06
5598 1.64811e-06
5599 1.64811e-06
5605 1.64811e-06
5607 1.64811e-06
5612 1.64811e-06
5624 1.64811e-06
5635 1.64811e-06
5683 1.64811e-06
5691 1.64811e-06
5692 1.64811e-06
5694 1.64811e-06
5696 1.64811e-06
5716 3.29621e-06
5718 1.64811e-06
5730 1.64811e-06
5765 1.64811e-06
5771 1.64811e-06
5774 1.64811e-06
5780 1.64811e-06
5781 1.64811e-06
5808 1.64811e-06
5811 1.64811e-06
5814 1.64811e-06
5818 1.64811e-06
5823 1.64811e-06
5825 1.64811e-06
5830 1.64811e-06
5833 3.29621e-06
5834 1.64811e-06
5836 1.64811e-06
5837 1.64811e-06
5841 1.64811e-06
5842 3.29621e-06
5843 1.64811e-06
5853 4.94432e-06
5854 1.64811e-06
5855 1.64811e-06
5858 1.64811e-06
5860 1.64811e-06
5863 1.64811e-06
5864 1.64811e-06
5867 1.64811e-06
5868 1.64811e-06
5869 1.64811e-06
5873 1.64811e-06
5878 1.64811e-06
5880 1.64811e-06
5881 1.64811e-06
5882 1.64811e-06
5884 1.64811e-06
5885 1.64811e-06
5886 1.64811e-06
5887 1.64811e-06
5889 1.64811e-06
5891 1.64811e-06
5892 1.64811e-06
5895 1.64811e-06
5896 1.64811e-06
5899 1.64811e-06
5901 1.64811e-06
5903 1.64811e-06
5906 1.64811e-06
5912 1.64811e-06
5919 1.64811e-06
5924 1.64811e-06
5926 1.64811e-06
5927 3.29621e-06
5929 1.64811e-06
5931 1.64811e-06
5932 1.64811e-06
5934 1.64811e-06
5941 1.64811e-06
5948 1.64811e-06
5950 1.64811e-06
5951 1.64811e-06
5957 1.64811e-06
5958 1.64811e-06
5964 1.64811e-06
5965 1.64811e-06
5966 1.64811e-06
5967 1.64811e-06
5968 1.64811e-06
5971 1.64811e-06
5977 1.64811e-06
5978 1.64811e-06
5981 1.64811e-06
5984 1.64811e-06
5990 4.94432e-06
5991 3.29621e-06
6001 4.94432e-06
6002 1.64811e-06
6004 1.64811e-06
6005 1.64811e-06
6006 1.64811e-06
6009 1.64811e-06
6010 1.64811e-06
6012 1.64811e-06
6015 1.64811e-06
6016 1.64811e-06
6028 1.64811e-06
6029 1.64811e-06
6040 1.64811e-06
6043 1.64811e-06
6058 1.64811e-06
6064 1.64811e-06
6066 1.64811e-06
6070 1.64811e-06
6075 1.64811e-06
6076 1.64811e-06
6096 1.64811e-06
6110 1.64811e-06
6113 1.64811e-06
6125 1.64811e-06
6136 3.29621e-06
6142 1.64811e-06
6149 3.29621e-06
6150 1.64811e-06
6153 1.64811e-06
6154 1.64811e-06
6167 1.64811e-06
6175 3.29621e-06
6202 1.64811e-06
6209 3.29621e-06
6212 3.29621e-06
6214 1.64811e-06
6215 1.64811e-06
6222 1.64811e-06
6223 1.64811e-06
6226 1.64811e-06
6228 1.64811e-06
6229 1.64811e-06
6231 1.64811e-06
6235 3.29621e-06
6240 1.64811e-06
6241 1.64811e-06
6243 3.29621e-06
6255 1.64811e-06
6277 1.64811e-06
6289 1.64811e-06
6302 1.64811e-06
6305 1.64811e-06
6309 1.64811e-06
6321 1.64811e-06
6330 1.64811e-06
6354 1.64811e-06
6366 1.64811e-06
6397 1.64811e-06
6412 1.64811e-06
6417 1.64811e-06
6424 1.64811e-06
6441 1.64811e-06
6483 1.64811e-06
6519 1.64811e-06
6546 1.64811e-06
6552 1.64811e-06
6556 1.64811e-06
6570 1.64811e-06
6573 1.64811e-06
6579 1.64811e-06
6591 1.64811e-06
6594 1.64811e-06
6601 1.64811e-06
6614 1.64811e-06
6617 1.64811e-06
6623 1.64811e-06
6629 1.64811e-06
6631 1.64811e-06
6633 1.64811e-06
6636 1.64811e-06
6638 1.64811e-06
6645 1.64811e-06
6652 1.64811e-06
6676 1.64811e-06
6678 1.64811e-06
6685 1.64811e-06
6712 1.64811e-06
6720 1.64811e-06
6726 1.64811e-06
6736 1.64811e-06
6756 1.64811e-06
6764 1.64811e-06
6801 1.64811e-06
6809 1.64811e-06
6825 1.64811e-06
6844 1.64811e-06
6851 1.64811e-06
6854 1.64811e-06
6876 1.64811e-06
6881 1.64811e-06
6888 1.64811e-06
6889 3.29621e-06
6943 1.64811e-06
6964 1.64811e-06
6968 1.64811e-06
6969 1.64811e-06
6973 3.29621e-06
6986 1.64811e-06
7007 1.64811e-06
7013 1.64811e-06
7019 1.64811e-06
7028 1.64811e-06
7029 1.64811e-06
7032 1.64811e-06
7036 1.64811e-06
7047 1.64811e-06
7053 1.64811e-06
7065 1.64811e-06
7067 1.64811e-06
7068 1.64811e-06
7077 1.64811e-06
7078 1.64811e-06
7080 3.29621e-06
7083 3.29621e-06
7085 3.29621e-06
7089 1.64811e-06
7090 1.64811e-06
7095 3.29621e-06
7098 1.64811e-06
7099 4.94432e-06
7101 1.64811e-06
7104 1.64811e-06
7138 1.64811e-06
7163 1.64811e-06
7172 1.64811e-06
7195 1.64811e-06
7237 1.64811e-06
7244 1.64811e-06
7255 1.64811e-06
7306 1.64811e-06
7338 1.64811e-06
7348 1.64811e-06
7383 1.64811e-06
7406 1.64811e-06
7420 1.64811e-06
7423 1.64811e-06
7429 1.64811e-06
7439 1.64811e-06
7466 1.64811e-06
7469 1.64811e-06
7489 1.64811e-06
7490 1.64811e-06
7494 1.64811e-06
7513 1.64811e-06
7529 1.64811e-06
7555 1.64811e-06
7561 1.64811e-06
7573 1.64811e-06
7574 1.64811e-06
7585 1.64811e-06
7592 1.64811e-06
7601 1.64811e-06
7622 1.64811e-06
7624 1.64811e-06
7625 1.64811e-06
7628 1.64811e-06
7633 1.64811e-06
7641 3.29621e-06
7653 1.64811e-06
7670 1.64811e-06
7738 1.64811e-06
7763 1.64811e-06
7779 1.64811e-06
7789 1.64811e-06
7794 1.64811e-06
7807 1.64811e-06
7815 1.64811e-06
7824 1.64811e-06
7874 1.64811e-06
7907 1.64811e-06
7921 1.64811e-06
7942 1.64811e-06
8096 1.64811e-06
8115 1.64811e-06
8125 1.64811e-06
8224 1.64811e-06
8235 1.64811e-06
8315 3.29621e-06
8333 1.64811e-06
8350 1.64811e-06
8459 1.64811e-06
8477 1.64811e-06
8506 1.64811e-06
8548 1.64811e-06
8573 1.64811e-06
8659 1.64811e-06
8774 1.64811e-06
8819 1.64811e-06
8907 1.64811e-06
9059 1.64811e-06
9149 1.64811e-06
9225 1.64811e-06
9361 1.64811e-06
9372 1.64811e-06
9456 1.64811e-06
9465 1.64811e-06
9470 1.64811e-06
9652 1.64811e-06
9678 1.64811e-06
9704 1.64811e-06
9746 1.64811e-06
9748 1.64811e-06
9870 1.64811e-06
9984 1.64811e-06
10022 1.64811e-06
10157 1.64811e-06
10162 1.64811e-06
10397 1.64811e-06
10482 1.64811e-06
10652 1.64811e-06
10745 1.64811e-06
11095 1.64811e-06
11133 1.64811e-06
11422 1.64811e-06
11445 1.64811e-06
11464 1.64811e-06
11610 1.64811e-06
11623 1.64811e-06
11630 1.64811e-06
11676 1.64811e-06
11824 1.64811e-06
11842 1.64811e-06
11872 1.64811e-06
11981 1.64811e-06
12007 1.64811e-06
12071 1.64811e-06
12169 1.64811e-06
12455 1.64811e-06
12566 1.64811e-06
12946 1.64811e-06
13318 1.64811e-06
13420 1.64811e-06
13513 1.64811e-06
13546 1.64811e-06
13583 1.64811e-06
13784 1.64811e-06
13893 1.64811e-06
14064 1.64811e-06
14143 1.64811e-06
14151 1.64811e-06
14266 1.64811e-06
14299 1.64811e-06
14321 1.64811e-06
14425 1.64811e-06
14708 1.64811e-06
14718 1.64811e-06
14802 1.64811e-06
14981 1.64811e-06
15191 1.64811e-06
15749 1.64811e-06
15772 1.64811e-06
16132 1.64811e-06
16288 1.64811e-06
16580 1.64811e-06
17251 1.64811e-06
17259 1.64811e-06
17340 1.64811e-06
17809 1.64811e-06
17925 1.64811e-06
18053 1.64811e-06
18247 1.64811e-06
18297 1.64811e-06
18473 1.64811e-06
18718 1.64811e-06
18724 1.64811e-06
18832 1.64811e-06
18854 1.64811e-06
18873 1.64811e-06
19104 1.64811e-06
19107 1.64811e-06
19160 1.64811e-06
19588 1.64811e-06
19648 1.64811e-06
20866 1.64811e-06
21516 1.64811e-06
21924 1.64811e-06
22384 1.64811e-06
22463 1.64811e-06
24115 1.64811e-06
24983 1.64811e-06
25537 1.64811e-06
25759 1.64811e-06
25971 1.64811e-06
26030 1.64811e-06
26416 1.64811e-06
26707 1.64811e-06
27466 1.64811e-06
27532 1.64811e-06
27533 1.64811e-06
28689 1.64811e-06
29834 1.64811e-06
32360 1.64811e-06
33147 1.64811e-06
33759 1.64811e-06
34384 1.64811e-06
34751 1.64811e-06
35080 1.64811e-06
35303 1.64811e-06
38831 1.64811e-06
39101 1.64811e-06
40019 1.64811e-06
42207 1.64811e-06
44066 1.64811e-06
44679 1.64811e-06
44844 1.64811e-06
45085 1.64811e-06
45253 1.64811e-06
45686 1.64811e-06
45769 1.64811e-06
46691 1.64811e-06
47683 1.64811e-06
49279 1.64811e-06
59986 1.64811e-06
67042 1.64811e-06
71590 1.64811e-06
76252 1.64811e-06
87952 1.64811e-06
132536 1.64811e-06
171484 1.64811e-06
181492 1.64811e-06
