2 0.236821
3 0.124827
4 0.0653683
5 0.0371868
6 0.0207241
7 0.0129005
8 0.00918851
9 0.00565959
10 0.00404494
11 0.00272992
12 0.00266334
13 0.00214732
14 0.00154806
15 0.00136496
16 0.00111527
17 0.000865585
18 0.000998752
19 0.000599251
20 0.000715772
21 0.000615897
22 0.000549313
23 0.000632543
24 0.000466084
25 0.000516022
26 0.000316271
27 0.000466084
28 0.000332917
29 0.000416146
30 0.000316271
31 0.000166459
32 0.000149813
33 0.000116521
34 0.00019975
35 0.000233042
36 0.000133167
37 9.98752e-05
38 0.000149813
39 0.000183104
40 9.98752e-05
41 0.000133167
42 9.98752e-05
43 9.98752e-05
44 0.000183104
45 9.98752e-05
46 0.000149813
47 9.98752e-05
48 9.98752e-05
49 9.98752e-05
50 6.65834e-05
51 0.000149813
52 8.32293e-05
54 1.66459e-05
55 3.32917e-05
56 4.99376e-05
57 3.32917e-05
58 1.66459e-05
59 6.65834e-05
60 3.32917e-05
61 1.66459e-05
62 4.99376e-05
63 4.99376e-05
64 4.99376e-05
65 1.66459e-05
66 8.32293e-05
67 8.32293e-05
68 1.66459e-05
69 6.65834e-05
70 1.66459e-05
71 1.66459e-05
72 3.32917e-05
73 4.99376e-05
75 4.99376e-05
76 1.66459e-05
77 1.66459e-05
78 1.66459e-05
79 1.66459e-05
80 3.32917e-05
81 3.32917e-05
83 1.66459e-05
85 3.32917e-05
86 1.66459e-05
87 4.99376e-05
92 3.32917e-05
93 1.66459e-05
94 6.65834e-05
95 1.66459e-05
96 1.66459e-05
101 4.99376e-05
102 1.66459e-05
103 1.66459e-05
108 1.66459e-05
109 3.32917e-05
110 1.66459e-05
112 1.66459e-05
113 1.66459e-05
115 4.99376e-05
116 3.32917e-05
117 1.66459e-05
121 1.66459e-05
122 3.32917e-05
123 1.66459e-05
126 1.66459e-05
128 1.66459e-05
129 1.66459e-05
130 1.66459e-05
131 4.99376e-05
132 1.66459e-05
136 3.32917e-05
137 1.66459e-05
138 1.66459e-05
139 1.66459e-05
146 1.66459e-05
147 1.66459e-05
148 3.32917e-05
149 1.66459e-05
151 3.32917e-05
152 3.32917e-05
160 1.66459e-05
164 1.66459e-05
168 3.32917e-05
172 1.66459e-05
173 1.66459e-05
176 1.66459e-05
178 1.66459e-05
187 1.66459e-05
189 1.66459e-05
196 1.66459e-05
197 1.66459e-05
200 1.66459e-05
204 1.66459e-05
205 1.66459e-05
215 1.66459e-05
219 1.66459e-05
220 1.66459e-05
225 1.66459e-05
236 1.66459e-05
244 1.66459e-05
252 1.66459e-05
254 1.66459e-05
263 1.66459e-05
277 1.66459e-05
279 1.66459e-05
318 1.66459e-05
382 1.66459e-05
412 1.66459e-05
415 1.66459e-05
426 1.66459e-05
493 1.66459e-05
555 1.66459e-05
654 1.66459e-05
704 1.66459e-05
707 1.66459e-05
856 1.66459e-05
915 1.66459e-05
923 1.66459e-05
1072 1.66459e-05
1391 1.66459e-05
1696 1.66459e-05
2135 1.66459e-05
11569 1.66459e-05
